nan
nan
5.0256826666666665
3.965582298245614
3.778008345041322
3.9060173550724633
3.765661767112811
4.021625413043478
4.006565444833625
3.777439976645435
3.9242819042553188
3.882178504249292
3.8200838242574258
3.868429157894737
nan
4.94443
4.43769
4.009727142857143
3.471463999999999
3.3887082485875704
3.5607708888888894
4.488945135135135
4.540024321205822
4.474985509184424
4.4594054413735345
4.259110603264281
4.682290750206782
4.678852162974203
4.8037058527493
4.333271688064972
4.387121809791332
4.37759150282167
4.4502970995605775
4.274263071258908
4.209185351515151
4.6442614343707715
4.7384930443285525
4.793340284757118
nan
nan
nan
nan
4.547446470588234
3.6466920797773654
3.8979404124716552
3.839375049420849
3.956873556497175
3.92376433995585
3.7602213053124998
3.8444043086003368
4.008937163498098
3.845263917888562
3.309675
4.076667692307692
3.33912625
1.57327
nan
4.392947500000001
5.069168260869565
4.561016
3.9811325
nan
5.599523684210527
4.788412077595629
4.287848884152457
4.492564673793104
4.843963704154302
4.844415621474067
4.889150440568475
4.373161810059172
4.220949663697968
4.381284729323308
3.884108938864629
3.866562827852998
4.461748052017937
4.616921503241492
4.675573926389976
4.7190376517857135
4.702881651982378
4.447307295238095
4.756041212121213
4.8370359999999994
nan
3.837593980645161
3.907726335051546
3.723154313253012
3.970004319715808
3.898537800995025
3.9272977902912625
3.95163935908142
4.066311245036319
3.932873525697504
3.833213383233533
3.9944493238636367
3.9225472364016736
3.770413081818182
3.8149188888888883
4.411615139427516
4.691783247502774
4.690993333333333
4.05263
5.48693
5.194778888888889
3.926539562189055
4.117489548701299
4.582253983448275
4.715672516218721
4.8462476262764635
4.49239247553325
4.532528814767699
4.58287639143898
4.38407570412844
3.825280290647482
3.8839141920152094
3.969153265625
4.580251713084112
4.89961982033097
4.757920185419969
nan
4.643675716923077
nan
5.113619999999999
3.9388750000000003
5.024227142857143
4.1621023125
4.768071463414635
4.766134999999999
3.8385977310606063
3.929296089041096
3.937321679752066
3.9924370314606743
3.99244333492823
3.9674552354497354
3.905095384558823
3.948866344827586
3.846304697260274
4.162667797101449
4.608838265822785
4.599200373430962
4.493055996835443
4.485489376992376
4.264818620689655
4.583398
4.096858718749999
3.7458937285008234
4.4032040820668685
4.744813944259567
4.5338274460748345
4.578367749550795
4.360387541935484
4.4014698198367865
4.378690108804581
3.9128297097264437
3.7830494625592412
4.3835159340753425
4.40504241065627
4.728728236861584
4.762775516616315
4.094559230769231
4.769905198813056
4.7628825
5.4414855555555555
5.2460395185185185
5.033035703703703
4.22573450761035
4.1487695319284805
3.8662789903367494
3.9269258200972446
3.850523435992579
3.9960998732394364
3.819045749536179
4.000051279036827
4.035982802345058
4.009437037037037
3.8359627011308555
3.9574683891402715
4.019525725490196
4.452453529411764
4.419853689563107
4.370589789250814
4.47214737826087
4.825928997995992
4.577455854709419
4.384460611816676
3.938965848375451
4.960889929078014
4.777832054275092
4.525060447410358
4.412561534377721
4.382636473469388
3.8793522601837678
3.9067583566284783
3.8571418229927006
4.645561605479452
4.647335745941558
4.717426509090909
4.79033104435995
4.24119
nan
4.523153752680965
5.118365454545454
4.274255
4.7920122238805964
4.5919236544046464
4.337144270514603
3.7899429185944364
4.277884699412259
4.22134352671276
3.869285625225225
4.0388089443099275
3.916559656587473
3.943339914215686
4.162114050632911
4.020473082758621
4.0019781231884055
4.038075564705882
4.909155454545455
4.068640074468085
4.3193217460585585
4.556499832271762
4.492955566389026
4.477511987179487
3.923248558981233
4.529281460114869
4.530650666666666
4.870097929824562
4.835844216503993
4.531684422988506
4.465767522687609
3.78385646836983
3.867934120165746
3.8152856992753623
3.938257961630695
4.559177207267833
4.667582722222222
4.658763342105263
nan
nan
4.725645206349206
4.644230906443072
4.7798403125
5.043779036144579
4.770171739674593
4.481040275805119
3.946920553231939
4.139310870200573
4.218618892274982
4.280400242640499
3.795843222885572
3.753188698924731
3.9786171452513965
3.8368557854729732
3.9322485441696116
3.8504607941176467
3.92331824822695
4.0844383111111116
4.448275212883436
4.470029840802675
4.494311532062391
4.571750714908258
4.500157727272727
4.44975940258398
4.490224410891089
4.803662448916409
4.8295193541887596
4.471170642820903
4.421260578670179
4.612149041237114
4.3834817715976335
3.8556755261780102
4.044888533834587
3.8550790102459014
4.375960163545568
4.563212877431907
4.0610655555555555
nan
nan
nan
4.646784014177694
4.616764461033634
4.381261333333333
4.69275568021978
4.772617220876049
4.875677671232877
4.39039985659164
4.301110811534334
4.410373852774975
4.001572573412698
3.8678639985652796
3.9629227052785923
4.0686201636953
3.8746224124668434
4.012586721402214
3.9242560542780747
4.0206080021645025
4.359642204953561
4.374262003358425
4.554449317487267
4.5191897408136485
4.539659502810744
4.615043646769663
4.794772472160357
4.721965410948905
4.890779838790933
5.015332696517413
4.6286947812983
4.453393674567585
4.520254049349241
4.446583923932124
4.425555134278565
3.8409285161290323
4.37502
4.168648181818182
5.04488
3.1718433333333333
nan
nan
4.852742935409458
4.684569217484008
4.690362184759917
4.884461875
4.632088335324948
4.698974471518986
4.659975146869984
4.467185706434316
4.313233063256326
3.9846734611398964
4.444437333333334
3.731992633854167
3.985125898039215
3.8583583849537035
3.869874651757189
3.938814978873239
3.925397042546064
4.370204240963855
4.465335798878767
4.384091128755364
4.4937361616804585
4.488563561893203
4.306135762987013
4.544632316205534
4.84328535891287
4.85817781948168
4.8183773557046985
nan
4.4919499289392375
4.582849757968129
4.3107188905394835
4.591862158203125
4.6156591816609
3.744793157894737
4.8319980000000005
nan
nan
nan
nan
4.7348219562211975
4.65302075221239
4.811410196812749
4.591314983758701
4.824541414438503
4.589148563688213
4.670601666954271
4.674945475409836
4.506558377685951
4.564627116357504
4.656328245614035
4.254957511627906
3.9549914285714283
3.5844166666666673
3.935326154574133
3.862071783333333
3.9445874525316453
3.9683643
3.8066204919254663
4.06634994267516
4.869345
4.679338365281385
4.45683667879127
4.364112096713615
4.419431807195572
4.475433676243094
4.4665083499257054
4.929557619335347
4.904106472868217
4.390740380543634
4.831360933786078
3.8106133237885467
3.828585954653465
3.862139703703704
3.921283
nan
nan
nan
2.30283
nan
4.924288813559322
4.819686196940727
4.513622868593956
4.4278007038043485
5.095552380952381
4.54956888973384
4.781554092657343
4.925921747747748
4.0269319082125605
4.627112758620689
5.156736956521739
3.8650033333333336
4.21251037037037
3.9053405985401466
4.100976179442509
3.911940292708333
4.0187045373493975
3.875438498666667
3.8761068916666668
3.882459961832061
4.680997663972287
4.445890691952845
4.453479804956896
4.500988018796992
4.419704032098767
4.308120592339261
4.452814755847953
4.973548606676342
4.375347198712792
4.350396686357244
4.837499289631533
4.599756972150259
3.9547478724489795
3.804581963768116
4.829907708333334
nan
4.38082
nan
nan
4.838668704720089
4.733384179604262
4.682750968376669
4.8847378117647064
4.181863905291524
4.753034951388889
4.768179011406845
4.77677
5.193533684210527
4.336964637681159
4.59018
3.9523167741935485
3.864636124681934
3.799329895953757
3.819632140140845
3.8347292132867135
3.953515307349666
3.948724430426717
3.9415988983739836
3.9785266175298806
4.611420908088979
4.618204901398087
4.382464403918496
4.532663987950311
4.547361081349206
4.490562016533986
4.478399256132344
4.476605612654614
4.902810094368341
4.431831020522388
4.479072594246031
4.294591723027375
4.569247812865497
3.78189133905775
4.301641205357143
4.909368372
nan
nan
nan
nan
4.819203709859155
4.719471992286115
4.701269302344382
4.737573894863563
4.595873913983904
4.805799628301887
4.504992820512822
4.5588516666666665
5.038592352941176
nan
4.367128888888889
4.021402519047619
3.678468957559682
3.9238693423376625
3.951217655480984
3.891693871410736
3.9709597983651226
3.880506300925926
4.0040815937500005
4.657189583333333
4.773126660952381
4.430379754175017
4.380455758508914
4.564779325447571
4.558337974909355
4.560820274153074
4.427808587131367
4.31331926272545
4.744347585714286
4.783881939817123
4.32676558478803
4.459968192767915
4.489647626600284
4.374063684036394
4.572943890658943
4.725269142180095
nan
nan
nan
4.685753563679245
4.720078211947627
4.729763860890302
4.735344080956052
4.717839660156249
3.547606666666667
4.727433821566111
4.520680602853745
4.628910236012208
4.380764999999999
5.27862
4.224463448275863
4.045681195121952
3.8343639583333333
3.7384944416666666
3.7751025333333335
3.859632402616823
3.8902234310954062
3.8101623431085043
3.0968853750000003
4.99326
4.050030882833787
4.473219539655172
4.412377759408602
4.535084059099437
4.51465335546613
4.426471950337216
4.70281257082495
4.502050896305125
4.771681424054983
4.835317633705933
4.469412
4.3271612713321055
4.439624813499112
4.67859680599047
4.677159690019194
4.808905719191919
4.8888368903437
nan
5.02885
nan
4.833112550335571
4.745550021461898
4.695524199077632
4.756441213114754
3.3010945586206897
4.448514920650096
4.612055089041096
4.572209394828791
4.473462631578947
5.005414871794871
4.300565821100918
4.1630314814814815
3.960563190243903
3.8876689908256883
3.999418235967303
3.875310816513762
3.854473301872659
3.9658228053691276
4.873343636363637
1.92658
4.003372654642858
3.854156571698113
3.9744505128205128
4.03750923354232
4.312111120481927
4.620090969532099
4.601670404381443
4.486914291275168
4.769045966882068
5.17577437142857
5.296387647058824
4.751733546332047
4.433612915003441
4.407411048892989
4.734926324596775
4.541396800169347
4.765171425304877
nan
2.8542824999999996
4.839466211604096
4.696685689745837
4.662515467789891
4.672643367722918
3.24196834375
3.3373764267441857
4.755300710485133
4.598389480446928
4.71257249787836
4.672650627536232
4.838689387755102
4.717898488372093
nan
4.4976094117647065
4.118466818181818
3.809487764900662
3.7178579421686746
3.948966839622641
4.496878692424243
4.673219290581162
4.251702
4.35063
3.811601278074866
3.913011901803607
3.7755459763406947
3.7872978866995077
3.9548302964959565
4.191951608040202
3.894762449050087
5.47498
nan
nan
4.837631960784314
3.8877892
4.337515282341832
4.4056700994860085
4.788094942675159
nan
nan
nan
4.685187921875
4.671783724166667
4.536977748498499
4.852355447244095
nan
3.3043224999999996
4.691517980582524
4.901661572890026
4.656102875733854
4.650839307428572
4.473709343424787
4.426665
nan
5.521024736842105
4.527056988372094
4.065007901960785
4.216986315789473
4.846801276595745
4.387812189748201
4.66510875
3.7477474540816327
3.7653118148148152
3.941525944134078
3.9457299355783313
3.834737423986487
3.834889151745068
3.8995778754189945
3.7740425668016195
3.962236295081967
3.8578039686800896
5.172925
4.2101
5.111572702702702
4.417833082792208
4.32638239986868
4.285804697014925
3.7351433620689662
nan
3.8472344999999994
nan
4.707477007002801
4.70265292238806
4.717023696610169
nan
nan
nan
4.360194084507043
4.173184788135593
4.475186110497237
4.589116252843395
4.1072625
3.9207275
4.89208
4.760761
nan
3.5827799999999996
4.95935243697479
4.667165185314686
4.499839530089213
3.7878034808362373
3.7846499859943976
3.7436204057017544
4.313342476365869
4.482198505273437
3.8630626424581003
5.444685714285714
3.887425236401674
4.385963529175051
4.299502231861199
4.046117564341086
4.923749387096774
4.368420026548672
4.2309233541092395
4.184872030384616
3.7299238903225804
3.753994926605505
3.9998102083333333
nan
nan
nan
2.24841
4.654536419512195
nan
3.199030769230769
nan
nan
3.9680732846715334
4.209974535587189
4.5181440010330585
4.631621034482758
nan
4.894921666666666
4.989866999999999
5.8559339999999995
5.709
4.9045819999999996
4.728147911088911
4.563209502909337
4.384883772803787
3.877202023222061
3.823449573667711
3.854662208494209
4.510552686660699
4.704093903578528
4.586916110204082
4.429982964363637
4.432923307649357
4.44562066986456
4.344935772105743
4.580375835314092
4.288861254162042
4.341252176739926
3.80341823968254
3.767533635179153
3.787436776119403
3.8741075000000005
nan
nan
nan
nan
nan
nan
3.23333
3.9851388636363625
4.043047744571428
3.2403065
4.361333448979593
3.9900299127476875
3.9433848221153847
4.6821708
nan
3.58299
5.14183
nan
4.398217931034482
4.7040698341176475
4.717606103921569
4.625547787351055
4.3176259096191085
3.953513907964602
3.7670786226415096
3.7931811305555554
4.440668816519973
4.532020148148147
4.737512565114444
4.5312010137781
4.45222002931283
4.676698691924227
4.638654553743514
4.23125628503876
4.393928682951146
3.8880814571428575
3.615738333333333
3.6929299999999996
3.2613624999999997
nan
nan
nan
nan
nan
nan
nan
3.12879
nan
4.348187618691588
nan
3.8533784904534607
3.6352357299270075
3.481784755447942
3.8901305689655175
3.804408858267716
6.4252400000000005
3.76948
2.963
4.635913270270271
4.781302381261595
4.744325993897124
4.863848018090452
4.736353170108161
4.664881727040816
3.762432580470163
3.7588132805429866
4.448722762420957
4.3734872634626525
4.40688143836292
4.4960990524454925
4.497880962147282
4.527951872834159
4.717295699318568
4.498716344228805
3.804570294117647
4.236663999999999
nan
3.7472374999999998
4.757985
nan
3.5833085000000002
3.024545
2.21873
nan
nan
4.17548
4.2485925
4.2438633333333335
4.254766533692722
nan
3.9157408443283583
3.6760530848806363
3.890838827205882
3.533979047619047
4.076148434782609
3.96043
5.75883
5.271785087719298
4.805567703081232
4.810383765306122
4.7289251109215025
4.886451866836735
4.845473378812199
4.692410835833334
3.756956048295454
3.8539895690298507
4.552948434357542
4.392037856071964
4.285096502283105
4.374050355660937
4.408786285060104
4.468515968152866
nan
nan
nan
nan
3.245636555555555
3.6787262631578947
3.764858307692308
3.231504
3.875004175438596
2.40095
nan
4.100506666666667
nan
nan
nan
4.1263075654596095
4.417815352941177
4.517189443333334
4.842986999999999
3.8658772692307695
5.098682500000001
4.82076625
5.14659
nan
5.252778461538461
4.687161130009319
4.74495823580786
4.750653514306151
4.8735856506024104
4.908118507194245
4.748977108442504
4.33210402235505
3.783851189873417
3.782573516055046
4.114580357142857
3.9548971349693245
3.8281539896226415
4.47502745020243
4.565858837065638
4.3786904
nan
nan
3.6624700000000003
3.984612173076923
3.837495456852792
3.9019233133333335
3.899622067346939
3.2422499999999994
nan
nan
4.96494
nan
3.4193499999999997
3.7283855769230767
3.3685193999999994
nan
2.901815
4.462081982178217
4.93421375
4.63198
nan
3.8703724999999998
3.83089
4.683572
4.900137240875912
4.8267627104477615
4.791752747234042
4.834183696713615
4.943536693198263
4.897923731914894
4.7782600790322585
4.663814864951768
3.7751595667396063
3.9543790909090903
3.591862352941176
3.9791231979166675
3.9097695773026317
4.382151854141657
4.754646597359736
3.80235
nan
3.946937929577465
3.727213678638941
3.948446936170213
3.885778276771005
3.821975188405797
3.896732048076923
3.909591052631579
nan
nan
nan
5.40529
3.6373672968036526
3.760365370192308
3.8716853846153847
nan
4.12226
4.621347777777777
nan
nan
nan
5.81319
nan
5.3540336
4.892354285714286
4.858117673684211
4.823705576702215
4.859606407801419
4.798575540051679
4.927166597168596
4.921681442449842
4.744985332463012
4.370352
4.31455
nan
2.13143
4.50752738095238
4.5995501896080215
nan
4.54548
3.846172790598291
3.6947469443037972
3.8875658609022556
3.772491650214592
3.8899848226120857
3.7871301437499993
2.80353
3.7397533333333333
nan
nan
1.90572
3.8680843888888896
3.7841764598540153
3.8023604313186814
3.8889513464052285
3.7104605454545463
5.37812
4.490458603042876
6.25888
nan
nan
nan
5.98137
4.753384423076923
4.8606526503496505
4.82410005637708
4.8832016552609065
4.846067972044728
4.845531959521619
4.874045454
4.759610149377593
4.756605263852243
4.835998358276644
5.304359999999999
4.811902000000001
3.930521219512195
4.621028470430107
4.653821613272311
3.8979090338709677
3.889166592356688
3.8337495654101996
3.69392553313253
3.8891080761099364
4.044884950352112
3.9419685124653734
3.7219757894736833
nan
nan
3.6105475
2.20331
nan
4.0112980714285715
3.68567229625
3.8564229305993694
3.9215833993288585
3.783040595744681
3.675725018018018
4.63067003575184
nan
nan
3.55831
nan
4.77591923076923
5.008435570469799
4.761549237044145
4.825838254393306
5.0391304795486604
4.947194304297328
4.850195769150052
4.855553305680794
4.782973832742736
4.875879361948956
5.289884285714287
4.18282625
4.4651119999999995
4.082374285714285
4.5579520182648405
4.469064654801881
4.525757485066942
4.465430038310412
3.7648981988636367
4.016034052863437
3.9000053724696353
3.7654853045045042
4.078865128205128
3.07192
nan
4.186646666666667
1.39493
nan
nan
3.859028067699115
3.713991070833333
3.774637714285715
4.269062015479876
3.697025379310345
4.322395311676909
4.448002127747748
5.719445
nan
nan
nan
4.819366666666666
4.922358386773547
4.676209937869823
4.851920205882353
4.801884380541872
4.95479538137931
4.953324679710145
4.790142805504587
4.7874953399999995
4.963957303614458
4.755048
4.060589333333334
3.8885350000000005
4.299342016666667
4.66123597392638
4.921207047619047
4.647366559900166
4.6074985188253015
3.8602264263565886
3.6898147693779904
3.8271654426229507
4.919315
3.48074
nan
3.47211
4.56102
nan
4.063379472891566
4.1260148302469135
4.277639387414707
3.774285114537445
3.861861848258707
4.433118578651686
4.352877686356508
4.315047591394799
4.367467282456141
4.305051724137932
nan
nan
nan
6.333584
4.903026592356688
4.728622010655738
4.804323055555556
nan
1.60321
4.813293982558139
4.849796607177497
4.80518840131579
5.121252543661972
4.749194
5.51151625
4.64828756910569
4.641851350324374
4.661993290008842
4.585215877758913
4.717970166666667
4.6946862697368426
3.636983157894737
2.77149
4.0202764
nan
5.28175
3.43876
4.364247499999999
4.503444999999999
nan
4.051576296296296
4.279686387656701
4.675594848993289
4.68965831392405
4.505667869374314
4.459301415083798
4.453386498614507
4.33788649656035
4.157828970107527
nan
nan
nan
nan
4.979386
4.520428381276596
4.713692526041667
4.850252539240506
4.92483088380717
4.935457587467363
4.842923138746146
4.8129101476569405
4.795142873303167
4.837278191843971
4.964008920570264
4.708985735930736
4.609135896969697
4.799779024444445
nan
4.671224502785516
4.635460796875001
4.760997935652174
nan
nan
4.22092
3.944468571428571
3.64817625
4.058755555555555
3.7021837
6.66655
6.04238
nan
nan
4.771758926767677
4.727930764840182
4.762829798342541
4.7510542422264885
4.563045621830986
3.8020720476190473
4.272356348073703
4.028438880952381
nan
nan
6.19383
5.4253833333333334
4.523467844207723
4.37241681724138
4.501121610169491
4.9404242442857145
4.929792644288577
4.8381418181818185
4.767893164675767
4.871512219015281
4.666847727036395
4.744662204081632
4.805828244008715
4.661106803703704
4.7334531027900155
4.232308333333333
nan
4.530462777777777
4.341277218750001
4.64770945034965
4.530578
4.067115588235294
nan
2.918745
3.86156
2.31419
3.8021000000000003
3.55293
3.9674225
3.29979875
nan
nan
3.317827346153846
4.893202240939598
4.882285726351351
4.540988648055207
4.54049747542533
4.537627272727273
4.837729375
nan
nan
4.570994285714286
4.8135371678832115
4.382013060448083
4.282841166929134
4.716275029803424
4.8539263355957765
4.805489508030431
4.77359590682557
4.855761571
4.835722276176024
3.5008933333333334
3.8349917647058827
3.6463442857142856
3.9220219999999997
4.175728
3.6516116666666663
3.9677116666666663
3.22271
4.110588333333333
4.611840833333333
5.63643
nan
4.699056666666667
3.6695966666666666
nan
3.992204
3.757455
3.5302399999999996
3.8078720786516858
3.731989625
4.249818108108109
4.873475843295639
4.809291764945653
4.757181640644362
4.650283142585551
4.405214627198918
4.352615714285714
4.875504285714285
nan
nan
4.4686520000000005
4.932686498194946
4.348105276582667
4.528782202243211
4.452461376421305
4.469079666449511
4.7465057683786505
4.948473816254418
4.694347651196519
nan
3.8815500000000003
3.886449583333333
4.644446666666667
4.061619230769231
4.069583478260869
3.8319115263157895
nan
nan
4.0845975
2.919975
3.784076666666667
4.1048
3.683216896551724
3.4942214285714286
3.818324097378277
5.5769649999999995
4.1193925
4.5546025
3.311268
4.577476296108291
4.438767315483871
4.391114193597561
4.596219037535411
4.650954003149606
4.686725008064516
4.654876198473283
4.836896
5.164
nan
nan
nan
3.8014491836734696
4.338439839737354
4.492552473131562
4.598143569241476
4.377302500462536
4.528304404312669
4.713695797014926
1.1064
3.648404
nan
3.49191
4.073766153846154
4.802666875
4.43549
nan
4.1023200000000015
nan
nan
nan
5.238955000000001
1.819752
3.9606324347826085
3.8905830171428573
3.800634664285715
3.893386428571428
nan
4.521211055240793
4.640803450795454
4.520916965431311
4.333508706088174
4.436360460999124
4.044904961325967
3.9785298635170596
3.893872523076923
3.8271282267573694
5.5280000000000005
4.151486666666667
nan
nan
nan
3.860004650735294
4.390449256875366
4.438854318831169
4.401748658405438
3.9846636247058824
4.347506515106853
4.518845454504792
3.6989488229166674
3.9423982000000004
2.07718225
3.1960779999999995
4.010345
nan
nan
nan
3.1671975
4.047553942857142
3.7098759615384624
3.875908666666666
4.73343
3.98420022578125
3.819811993670886
3.7423497357798166
3.590540574193549
4.130346538461538
4.410313891447369
4.590568325644505
4.6706527746835445
4.592228052319842
4.375683505886792
4.444422724264706
4.329311984924623
3.917979523474178
3.820826743670886
3.750896122850123
4.574225294117647
5.386125714285714
nan
nan
nan
3.7606264966527196
3.8890152552552557
4.049141506578947
4.080915684587813
3.9922790015128595
4.45605355103607
4.430192958452722
4.78822513343799
3.7815475000000003
4.20878875
5.22531
4.71902
3.991537333333334
4.609735000000001
4.025155782608695
4.5052907615894044
4.460403333333333
3.616880889400922
3.8530919045936396
3.93674394949495
3.835288146981627
3.7826813169014084
3.7767982398921838
3.996525149425288
4.002254976190477
3.5599866666666666
3.790830833333333
3.418623333333333
3.9265313333333327
4.505053872529645
4.469910651865009
4.4170759681905984
4.275797087826087
4.059264780898877
3.853867922539683
4.129086163851352
3.983751666666666
5.078226
5.40538
nan
nan
3.831818480412371
4.1985756873315365
4.74351838623327
4.545478348017622
4.474668379831932
4.826082540716612
4.740803416098227
4.764727405778895
4.766380172680412
2.39482
nan
nan
3.816393052631579
4.176953999999999
3.03593
4.424937239382239
4.3442294046563195
4.07938853188929
3.6342231098265887
3.709890337563452
3.730162610869565
3.81679314159292
3.8501064573378843
3.6522971714285712
4.322588787878788
6.58426
1.89472
3.6696678750000005
4.628775875399361
4.449782073074392
4.46783866473345
3.9491487097505664
3.9067890926916222
3.9041626715328466
4.391996510219531
4.95964815151515
4.9709776923076925
3.990346666666666
nan
3.6983208315565035
3.753427077448747
4.133475961352657
4.537229104166666
4.662683710691824
4.686989928443649
4.684155629563668
4.725933305135952
4.659106226915888
4.711746213350786
4.006616153846154
nan
4.794949534270651
4.6012366919437335
3.784943737226277
3.946823611111111
3.8634101188811183
4.576807950369588
3.688229617391304
3.843637920634921
3.8054621558095234
3.9395425625
3.89363942394822
3.8393681418092913
3.9206149999999993
3.6045525
4.705964548344371
4.621596707803993
4.704567531674209
4.4204292266233765
4.404868810865191
4.017050505237316
3.8786482642140467
3.8837186613418524
4.149881402753623
4.665518441255605
4.78947435915493
4.868383636363636
4.410927777777778
4.463970000000001
3.764844276447876
3.962842644628099
3.852540955172413
4.715646772808586
5.022242666666666
4.247611666666667
4.301571363636364
5.058594684210527
4.186043739130435
4.845593840613932
3.015451
4.789449086713287
4.656381369951535
4.418968364973545
3.7308264740740738
3.744093996062992
3.8762122562358274
4.212663826267664
3.782749969754253
3.8746367500000005
3.9104121055155874
3.8155871360201514
3.9543259860139863
3.8289782463157893
3.62367937037037
4.109337307692308
2.496245
4.636553595067621
4.602426637521222
4.365844323984526
3.9136604566596196
3.981902931034483
3.838323072210066
4.483761902389079
4.41743278268064
4.632031831406551
4.643154049792532
5.000830408163265
4.536486585365854
4.3176894444444445
3.826044267108168
3.802017011227154
4.133419756097561
3.973775880794702
4.4223188888888885
4.772512972972973
4.827982745833333
4.695576103544776
4.76510046851145
4.715840226540756
4.772114589901478
4.7333831560531845
4.410455406294256
4.548763700396825
3.66080075
3.8321089285714285
3.7932809000000005
4.59076775743349
4.392414194041868
3.9005011317494596
3.8143198730853394
3.861943124645892
3.8587801989924433
3.7483152988281248
3.783743188405797
4.730334143518519
4.6552950710760115
4.726210172552977
4.4933685363703155
4.015588753694581
3.766981394339622
3.973052143564356
4.359639457322552
4.392912859817813
4.269110428213689
4.633891274778405
4.691512823433686
4.815679865448504
4.804920084210527
5.007506226415094
4.367608571428571
3.8252500420650097
3.7448234741935487
3.9868528620689654
3.945655796791443
4.524610963942712
4.697621902518278
4.765680682471264
4.777517784633295
4.741333141911764
4.7756505332792205
4.772015407894737
4.724854335517693
3.8311685050505053
3.7720066666666665
nan
4.821024500707213
4.709336736958614
4.684515506040269
3.830234658333333
4.548787487514863
3.8400336516544114
3.8549574509202453
4.352024459459459
4.620855427718041
4.7654884340991535
4.711391147321429
4.735316403453689
3.8521267900990095
4.023596992418033
3.997845583138173
4.545329702367531
4.5707442701111844
4.387548642087821
4.361894995809248
4.883448386363637
4.705984108946609
4.825973231160896
4.613512262509623
4.8051105959885385
5.14231
3.9310836231884054
3.758747288343558
3.913648336170213
3.6090433472527472
3.7187529802469133
4.182679270996016
4.596498942115768
3.912016470588235
4.823880492152466
4.741309949587534
4.809047822888284
3.4035166666666665
3.0980232
4.279831428571429
nan
4.753796649152543
4.679083377736891
4.8521959616
4.18827
4.391661474074073
3.879319792022792
3.8582798809034906
4.384604370999347
4.473830286573146
4.537709576510067
4.614458148288973
4.360153006306306
4.082712753213367
3.8101985732009926
4.580551077064221
4.6511051750531545
4.645081639646278
4.513885358469945
4.349765547651934
4.757912514976958
4.725765652589641
4.75344641392286
4.768038098679577
4.768567294505494
4.0901924
5.144875
4.15812668013468
3.7370366985559573
3.912344131428571
3.6989580673913047
3.9084912229729727
4.663255503950833
4.777108037204059
4.4490359999999995
3.4661904444444445
3.482016875
3.23560052631579
4.828752988505748
4.790719714486638
3.211176666666667
4.8186255581395345
4.6281210259623995
4.856188121010638
4.702836658276864
4.510711536222071
3.839015612098765
3.8089974606837607
4.438010582048958
4.621027712230216
4.684191057401812
4.050736884615384
4.2270416935483865
4.028288416666667
4.7451686113438045
4.694831326235094
4.784430311497326
4.536370164271047
3.9337877946127944
3.700828409174312
4.74946478335005
4.898198016925247
4.764804953603159
4.6926913553921565
4.653617173913044
5.11206
3.8837145519801983
4.230612240584167
4.37783477076412
4.325760497884344
3.9918052061403513
4.076117632653061
4.993494666666667
4.7665984750613255
4.922264108998733
4.824494004893964
4.2203
4.673550790155441
4.879325110062893
4.79468041567696
4.797948375331565
4.9140429353023904
4.804478376470588
4.500360218194254
4.392427026548672
4.423926901577761
3.7557520709046455
4.426888985928705
4.5111580370370366
4.457867015854375
4.340635063909774
4.099537976190477
4.389843010526316
4.739487982078853
4.666200653587444
4.5946512892459825
4.434479587955626
4.439544649056604
4.212766269153226
3.7846468529411768
4.652714253354381
4.782692806160781
4.716185752804987
4.9975675
4.935746282051282
4.76149
4.6306772156862746
4.313913249233129
4.452995904417088
4.430504699326221
4.547652364303179
3.895842525423728
3.9899169655172417
4.737535217391304
4.743824058823529
4.722161508597285
4.797335642343268
4.847596413194444
4.870489092592592
nan
4.847209404539385
4.898515413416537
4.638311360283688
4.580642725646123
4.569755030630631
3.7230800096525094
4.404324671096024
4.436220849938424
4.390602163756773
4.3924994458598725
3.8325705097613882
3.9799742638888884
4.652948103703704
4.6227447047654495
4.450374495265841
4.438087993389592
4.492903956083514
4.261559895822622
4.87678175
3.8068805823219
4.751065177453027
4.709690033873721
4.928123636363637
4.892225163043478
4.7478646788079475
5.701942857142856
4.918354457831325
4.235267945775536
4.347036584814217
4.5373830842911875
4.404191888224638
4.498343866666667
4.330375714285714
4.537028176470588
4.670846895833333
4.73191511111111
4.761566501694915
4.785965327120223
4.761675800625488
4.7193361558295965
4.905915958333334
4.8689163646341465
4.861966867827403
4.810765568742656
4.7848046464516125
4.445409402450518
4.455956490990991
4.542372406829992
4.455831612082671
3.930410393145162
4.035413657458563
4.616819629629629
4.576001455688247
4.424859209511568
4.424427333859511
4.413249981916818
4.804380233287858
4.460983141218006
4.204769570232559
3.8521342430131007
4.672288622060016
4.978843878406708
4.726425372262773
4.618770406195547
5.403062
4.99317
4.7629352620320855
4.385392174718729
3.7210283912806537
4.537493758527828
4.736257676860347
4.6139941584327095
4.55751462
5.2869664705882355
4.627723913043479
4.286969623188406
4.199168109890111
4.269001840116279
4.653240288179465
4.761901988515901
4.899567542234332
4.875519312161115
4.842388910163339
4.875142653755869
4.018075744
4.549644381951731
4.645698972681524
4.450971083431953
4.05444959965035
3.8708089300699307
4.275354913191881
4.47522251021425
4.459904736960722
4.343260100944081
4.3818386338461535
4.419710980537534
3.9589161866666664
3.833402458174905
3.8840969768211924
3.7246204068396227
4.932909202453988
4.705458833755275
4.7600698693234476
4.732238194906954
5.0634975
4.74101
4.929031078755365
4.364015035509737
4.467225865092748
4.049481516853933
3.666490746031746
4.801389881944444
4.502150106280193
4.763258647887325
4.656039847826087
4.614739217901688
4.371919594577146
4.534630168514413
4.691715327272727
4.721262927918781
4.812661387947269
4.844062827012025
4.892374400877194
4.8453350213132405
4.56315495641345
4.461033019340975
4.5471431091593475
4.478931414376321
3.850725702572347
3.97970020995671
4.453218079693034
4.587830425720621
4.655882581669692
3.8252052365384617
3.9560806594360085
4.00670368359375
3.8248794052287582
3.815558382555282
3.753013583497537
3.8870436287625414
4.661064065598779
4.7711304604966145
4.724614120524017
5.101248333333333
4.766028095238094
5.033476
4.856280639194138
4.390463837228042
4.530774239008793
4.362941072838666
3.9731419339339333
3.91708996744186
3.957231636585366
3.752373418181819
4.730183522458629
4.549454911504426
4.594240339837397
4.611073347203274
4.780337118744699
4.758114994685563
4.828800093106457
4.748608549342105
4.895371021486123
4.7014633879387935
4.734417955034214
4.451709439649781
4.338306298067142
3.8193725826330533
3.946670209507043
4.427933042163882
4.3806524639410185
4.5654398482671175
4.4087532271241825
4.25716966028003
3.847304558266129
3.8009492469304234
3.7626857166666663
3.9066537173913045
3.9284440986547082
3.590211686746988
4.586924280107048
4.751589806122449
4.786796624423963
5.048688181818181
4.8048949506726455
4.7322197057101025
4.752824715799615
4.769686700448431
4.475092209090909
4.259108086284953
4.358333284081632
3.7590301033834588
3.7162370463917522
3.8897021804878045
4.581148398956975
4.676495420776495
4.775581183813443
4.716836757532281
3.525709166666667
4.759742268114144
4.890579408820024
4.909498123393316
4.935642913590604
4.781894023372287
4.748120053545586
3.8876384066666665
3.923019534743202
4.109517290441176
4.534023057877814
4.4786605929965555
4.518877288288288
4.473753587936508
4.478153387293298
4.279973552805281
4.3207214270315095
3.8664881295081965
4.031466163701068
3.6601962331606224
4.003973611111111
3.4433262957746478
4.698372974770642
4.781990595628415
4.915272899862826
4.836217971014492
4.721560550822845
4.846710022613065
4.879681321752265
4.803652843859649
4.349968395206528
4.438388022284123
4.429625341984733
3.8475644982014394
3.8305992442105263
3.8093519508670517
4.038719740932642
4.080427237288135
4.0131340579710155
3.93391389380531
3.79638520945946
3.9344037712418296
4.032113055555556
4.858556589411766
4.748931118854098
4.858611803262956
4.727546727467812
4.195943006211181
3.9435519851694916
4.517014860927152
4.464610062499999
4.500536025506377
4.839329198733175
4.556312819980695
4.505318314802412
4.3498648950874275
4.454160888544892
3.8778277403314907
4.5882271042345275
3.9720335200000005
3.9230559302325583
3.7981947208333335
nan
4.814536516666667
4.912108372050818
5.193978196721311
4.8297508187556355
4.9351116640986135
nan
4.948595154117648
4.757501415621987
4.233766915060671
4.359662483496878
3.83392250867052
3.847183082105263
3.878515380922432
3.803532421319797
3.964167162162162
3.9832211739130434
4.000617177852349
3.794257006451613
3.764145545549739
4.577779321167883
4.744443529895366
4.859187143710692
4.767571463246554
4.755580612157534
4.632330914101291
4.370385775949368
4.462328663876368
4.448179272373806
4.28349541328879
4.480311114435303
4.431728089237425
4.553385823920266
4.529589640957447
4.563642366216216
4.4457145086705205
3.9606459722222223
3.6003445231788085
3.9556302158590313
3.838098006976744
nan
4.618596644859813
4.899304826203208
4.84706771062271
4.706978152328335
4.73696073096976
nan
nan
nan
3.771602680614204
3.8788942782369142
3.9082074437689966
3.743009391304348
3.807597683937824
3.9264056099999998
3.740585069518717
3.745381674778761
3.889670540342298
3.9753850376811593
4.403327220973782
4.285108834634492
4.659724330605565
4.748877481154771
4.707027692783504
4.838115998540146
4.805857075892858
4.494640405853659
4.556518420767196
4.595432598553345
3.9404431032702236
4.0638244925373135
4.5271607124498
4.720557271149675
4.558187745870394
3.749702097222223
4.583705371084338
3.8392544247191007
3.839946091967871
3.7318506533333338
3.7016199007633586
4.730836409905164
4.656423369237079
4.823153623387791
4.809345031791907
4.72525154065744
4.875395741480611
nan
nan
nan
3.800123327217125
3.933340761904762
3.817348923518165
3.87534343231441
3.8889912101910826
3.783610684210526
3.8432438680851067
3.8961155221843007
3.8351197570093456
3.9042971204783257
3.808042853413655
3.7108903511904763
4.459930446392447
4.713982096907216
4.828961111111112
4.926048152941176
4.731468781191589
4.6573020839160835
4.535670127478753
4.477472815337423
4.6896898744186055
3.77521844137931
4.599491282338309
4.685954834730539
4.664864665300546
3.8051212413793105
3.944248797911833
3.785026666666667
3.7157926608040204
3.7919466892778995
3.9132802871972316
4.594331235764236
4.823364235114504
4.745799393534002
4.74337876390077
4.814572948898678
4.803274375227687
4.745388639417693
nan
nan
3.799533344736842
3.8912238370588237
3.794756496865204
3.8038934963099638
3.852133854214123
3.941205385496184
3.937008361904762
3.748710310810811
3.9796246071428576
3.7705930073891625
3.7291907689161556
3.8175102511627905
4.3602690908333335
4.465996540512821
3.723778027777778
4.8077749999999995
3.9850602499999996
4.725219293172691
4.643724944807692
4.668095664720601
4.53774988862837
3.958597577235773
4.719074696498055
4.528235585564611
4.769479942477876
4.529532117943548
3.8216488591549296
3.7684289446640316
3.9584322514450863
4.030457886792453
3.945955020253164
4.7817291732605725
4.8569722515625005
nan
4.729672677419354
4.782651123320159
4.7359801710171014
4.788390346598203
nan
nan
3.8444170909090905
4.171570265702128
4.271674920125293
3.896473560402684
4.015422173780488
3.926047292929293
3.902907086592179
3.8298023621621615
3.7993249182156137
3.9118584077380953
nan
4.308178022462562
4.317973009041591
3.7406298491171754
3.7124371931818185
4.015331111111111
4.83844831553974
4.715256959443801
4.723230910326087
4.659688980633803
4.723950081671415
4.558188377530365
4.610427903391573
4.432053544971892
4.602818614730878
4.1841791015625
3.7857738354545454
3.8239671522491347
3.9096048701754387
3.834511453932584
3.9193193026946105
nan
nan
nan
4.809072677456648
4.781058427767355
4.679632409185805
4.651415392226148
nan
nan
nan
4.497131438228438
4.225220730720607
4.27425191784777
3.92051312118451
nan
nan
nan
nan
3.7876323238512035
4.40933756244204
4.4276053364993215
4.441524412491421
3.688062433476395
4.700837105739514
3.676211611111112
4.365768947368422
3.4906905263157895
4.767136023255814
4.582640431539188
4.547658804511278
4.586220564249579
4.482638475884476
4.4221859598004984
4.61322445470233
3.7343846926713944
3.8153467122736417
3.846660901785714
3.9168408786407776
3.90502212335958
3.8503551661538467
nan
4.815411148091603
4.783099428965517
4.7334673181386515
4.714392617868676
nan
nan
nan
nan
nan
nan
4.624692450136987
4.554544623529411
4.695829644151565
4.694208265524626
4.762370526387009
nan
nan
4.83655014600551
4.361405191926885
4.361977441819256
4.56070982056256
4.529184199769054
4.230138495759444
4.422801824530663
3.7396435909090906
3.899037714285715
4.627562505791506
3.787389012539185
3.64984186097561
4.497627122549019
4.446519057532622
4.483286556776557
4.65015661300813
4.322773739650414
3.837403875776397
3.870498198757764
3.812280206081081
3.7475095528169007
3.831641401425178
nan
4.637144605477424
4.587977301558204
4.590028369685767
4.521784217479675
4.6409089845360825
nan
nan
nan
nan
nan
4.578930211491443
4.578499919444445
4.4750409344262305
4.642224578947367
nan
nan
4.737735626326963
4.723821369930762
4.274578935006046
4.400784273596939
4.54488903081511
4.478873824449184
4.296313848974519
3.6357041604584523
3.796859470899471
4.096773023255814
3.610835999999999
3.809003049180328
4.379165486778846
4.494388288747347
4.367280612896292
4.561778715656868
4.4011770207951075
4.24508924375
3.8425082839907194
4.136341459898477
4.0781456604651165
3.72639038764045
3.8130160048309176
nan
4.523260044166666
4.487409227608874
4.463979414654455
nan
nan
nan
4.515140947807933
4.48243743718593
4.336532094306049
nan
nan
4.488106743083004
4.495591108588352
4.647027841134752
nan
nan
4.668072475524475
4.741117287910798
4.48916218968386
4.353161218015665
4.2613644397077515
4.2830461155
4.267609626497533
3.5979914191228066
3.6737006137787054
3.956569456140351
3.8633786
4.531318258513932
4.293444054925373
4.393859161266013
4.353494704742819
4.330154277974088
4.341575900231481
3.798977731449631
3.8122280400722026
4.167274930660889
3.946107961273886
nan
3.7854267190082647
