nan
nan
nan
nan
nan
nan
nan
nan
nan
nan
nan
nan
nan
nan
nan
nan
nan
nan
nan
nan
nan
0.566561
0.6971309090909091
0.5079194179104477
0.6648232222222223
0.5847433545454546
0.6133304844444444
0.5923719807692308
0.6097028142857143
0.5386125409836064
0.6157636610169491
0.6058383541666666
0.577003125
0.5764009393939394
0.6258245625
0.6164576818181818
0.5849785762711864
0.6203523692982457
nan
nan
nan
nan
nan
nan
nan
nan
nan
nan
nan
nan
nan
nan
nan
nan
nan
nan
nan
0.760064
0.7066596
nan
nan
nan
nan
0.6253998918918919
0.6142169830508474
0.6807536258064517
0.5650285185185184
0.5860508365384616
0.67087526
0.6308773904761905
0.580904115942029
0.6136347435897437
nan
nan
0.6089414375
0.6573248243243244
0.578474375
0.577401264367816
0.5719949285714285
0.7133095199999999
0.7823674999999999
nan
0.621368
nan
nan
nan
nan
0.589545
nan
nan
nan
nan
nan
nan
nan
nan
nan
0.63642818
0.6172603464566928
0.382872
nan
nan
nan
nan
0.5612590666666667
0.6286416081300813
0.636824930769231
0.607418511627907
0.6530770705882353
0.6241578956521739
0.6142051136363637
0.6041236999999999
nan
nan
nan
0.6066344374999999
0.617621659574468
0.5538224576271186
nan
0.5723017611940298
nan
nan
nan
1.12128
0.76631375
nan
0.7529975000000001
nan
nan
0.8225125
nan
nan
nan
nan
nan
nan
nan
0.6071808409090909
0.5868082686567164
0.5721843750000001
0.5752963777777776
nan
0.6600207142857143
nan
nan
0.65445025
0.6479827190082645
0.589592224137931
0.5877789315068493
0.6350220769230769
0.6024334754545455
0.693464475
nan
nan
0.6206365070422536
0.6096594158415842
0.5891862158590309
0.6763585
nan
0.7304126315789472
nan
1.20007
0.8906170000000001
0.601904
0.6320469615384615
0.5425051904761906
0.487818
0.6640703333333333
nan
nan
nan
nan
nan
nan
nan
nan
nan
0.756202
0.6132021888888889
0.577974
0.6568422
0.708242611111111
0.6427452708333333
0.6214364772727273
0.6980763333333333
0.6250590945945945
0.6213047352941178
0.5591139351724137
0.6053241219512195
0.605599709090909
nan
nan
nan
0.683949
0.6134140454545455
0.6019525148514852
0.5874960000000001
nan
nan
0.6026385942028986
0.581238
0.665428
0.7028096666666667
0.6300070697674419
0.586048379032258
0.847086
0.6073978095238095
0.5934319615384616
0.659352
nan
nan
0.562152
nan
nan
nan
0.477307
0.308948
0.6901008333333333
0.6176402173913043
0.6083272957746477
0.635905253164557
0.6400912499999999
0.7346175454545455
0.624760534375
0.5973164074074074
0.5748836956521739
0.5898322957746478
0.6210774509803922
0.6566775789473684
nan
nan
nan
nan
0.6443705098039215
0.5597171818181816
0.6164809322033897
nan
nan
0.6174125816326531
0.6299650236220473
0.6098131999999999
0.6882168888888889
0.6111018510638299
0.5600761388888889
0.5805493333333333
0.68509792
0.5089415773333333
0.6283215538461537
0.5992485000000001
nan
0.581389
nan
0.705438
nan
nan
0.45666300000000004
0.6104699863013698
0.5590935000000001
0.6083284736842105
0.6572361206896553
0.645006875
0.6032841866666666
0.6159007162162162
0.6171401284916201
0.6090569805825243
0.5776164173913044
0.6348111224489796
0.6293867073170731
0.5960105789473685
nan
nan
nan
0.607362
0.5786504545454546
nan
nan
nan
nan
0.5660734554455445
0.5774031666666667
0.46269499999999997
0.60304784375
0.5910623430232558
nan
0.572271011299435
0.6654515652173913
0.6182393333333333
nan
nan
nan
nan
nan
nan
nan
nan
0.5946821875
0.666204893939394
0.5802893913043479
0.6384743472222222
0.6111333979591836
0.6060393559322034
0.6175358275862068
0.6234124320987654
0.62573237875
0.6135217666666667
0.5853288928571428
0.6613218486486486
0.623723232
0.6780307980769229
0.5362779803921568
nan
nan
nan
nan
nan
nan
nan
0.6227839619565217
0.566103493495935
0.6555960545454547
0.256952
0.5957401315789473
0.5674405570469798
0.5998131717171717
0.5711875647058824
0.5804382840909091
0.6845295
nan
nan
nan
nan
nan
nan
nan
0.5055565833333333
0.6122979816513762
0.6308353499999999
0.6109272242990655
0.595458
0.6015797234042553
0.5877188461538462
0.6518887751937984
0.6653250128205129
0.6039586363636364
nan
0.6250797580645162
0.5466373448275861
0.6212374893617021
0.599402393939394
0.6376030428571429
nan
nan
nan
nan
nan
nan
0.6500007857142858
0.6350420588235295
0.6415705578231293
0.6908847391304347
0.5945849999999999
0.5865049104477612
0.564486640625
0.5830694385964913
0.5620094999999999
0.6053641578947367
0.7410364285714285
0.7896470000000002
nan
nan
0.365967
nan
nan
nan
0.6324273333333333
0.930829
0.776681
0.6027667922077922
0.5990435294117648
0.624234212
0.6079037692307693
0.6260706103896104
0.6407981025641025
0.6819920357142858
0.5777627137931035
0.62319075
0.6264919393939394
nan
nan
nan
nan
nan
nan
nan
nan
nan
0.6156406530612245
0.6139436016260164
0.5865057386363636
0.6470517419354838
0.4732145
0.5905450175438595
0.6243514444444445
0.5341228
0.5992432
nan
0.6682085
nan
nan
nan
nan
nan
nan
0.577254
nan
0.7603785
0.5901975070422536
0.6173021071428572
0.6239184689655172
0.6338618965517242
0.5597493333333333
0.6145615408163265
0.6178583448275863
0.6154965833333335
0.5754014666666666
0.6116431610738254
0.6093581206896551
0.6155805555555556
nan
nan
0.6064147599999999
nan
nan
nan
nan
0.5771479361702128
0.5886114761904763
0.600074022857143
0.6792118793103449
0.5445465848101266
0.5802580624999999
0.6937686363636364
0.4133055
0.576858
0.55688
nan
nan
nan
nan
nan
nan
nan
nan
nan
0.46821350000000006
0.5961566736842105
0.5245253103448276
0.5707793134328358
0.605105170940171
0.6680872068965518
0.5849456285714285
0.63076653125
0.6306842926829268
0.656810015625
0.6192678604651163
0.6393346799999998
0.6258056351851851
0.6068566349206349
nan
0.6176105714285715
0.6818139999999999
nan
nan
nan
nan
0.6472279333333333
0.5774703457943925
0.6143424677419353
0.5860899249999999
0.5870295263157896
0.5836388035714286
0.4768745
0.41196
0.291877
nan
nan
nan
nan
nan
0.5616946666666667
nan
nan
0.29919
nan
0.5535636
0.6387502888888889
0.6252516833333335
0.5622706186440678
0.5720139921259845
0.6122164142857143
0.6464168760330579
0.6732030882352942
0.6050479565217391
0.6019353153374233
0.6118524901960783
0.6165453783783783
0.6669115538461539
0.6102834556451613
0.6106805227272727
0.6824533181818182
0.5225319275362319
nan
nan
nan
0.6331500294117648
0.6135018515624999
0.6450484545454545
0.5864525866666666
0.5363787555555556
nan
0.5558576933333333
0.5828450199999999
0.6360374897959183
0.5752221428571429
0.351156
0.5797491428571429
0.528769
nan
nan
nan
0.380428
nan
nan
nan
nan
0.4261266666666667
0.5906172246376812
0.5070012068965517
0.6172
0.6103055681818182
0.6106029296875
0.608986030075188
0.5910382080536913
0.6112100898203593
0.5959538662790698
0.6167595
0.6294572272727272
0.5835306973684209
0.5880869175257732
0.6341680599999999
0.5808062708333334
0.5800586538461538
nan
nan
nan
0.6187609454545455
0.6166950955882352
0.611825
0.6211712631578947
nan
0.5940311272727272
0.5894841794871795
0.6087092873563218
0.49656716666666667
0.8497530000000001
nan
nan
nan
nan
0.531125
nan
nan
0.7585
nan
nan
0.553947
1.03863
nan
0.599016
0.6234940285714287
0.666153836734694
0.6455287924528303
0.615161025974026
0.620120635135135
0.766591
0.953995
0.6342968333333333
0.630469142519685
0.730580846153846
0.6022882125984252
0.545537347761194
0.6116512795698924
nan
nan
0.6053281513513514
0.6149282558139535
0.5932180487804877
0.6143598653333333
nan
nan
0.581736861111111
0.6546557142857142
0.6849128596491229
0.5176586707317075
0.6471888235294119
0.78631675
nan
nan
0.639369
0.6854334000000001
nan
0.8833379999999998
0.6471035666666667
0.5430379607843137
nan
nan
nan
nan
nan
nan
0.364882
0.898497
nan
nan
nan
nan
0.707348375
0.624088
0.6130959444444444
0.5851318876404495
0.5157166428571429
nan
nan
nan
0.5932459394366196
0.5831267450980392
0.6826334347826087
0.6137573599999999
nan
nan
0.5998953333333333
0.5908200476190477
0.5805168993288591
0.5269998266666666
0.6708123333333333
nan
nan
0.6430208333333334
nan
nan
nan
0.46143549999999994
0.5934556912751677
0.615706128440367
nan
nan
0.7063268
nan
nan
nan
nan
nan
nan
nan
0.424234
nan
0.7201865999999999
0.5342251874999999
0.5892471645569619
0.598368717948718
nan
nan
nan
nan
0.5924866470588236
0.5875292448979592
0.6094312592592593
nan
nan
nan
0.573927
0.6014759999999999
0.5938307666666667
0.600288804347826
1.14563
nan
nan
0.6742904999999999
nan
nan
0.7393759
0.5471301460674157
0.6481831157024793
nan
nan
nan
0.58290240625
0.6563521515151516
0.696267
0.771084
0.5182576666666666
0.6802094677419356
0.6702309999999999
0.6092195714285714
0.72530725
0.5262658482142857
0.5150706956521739
0.5602014146341464
nan
nan
nan
nan
nan
nan
nan
0.53765599
nan
nan
nan
nan
nan
0.6372221857142856
0.5985924128440366
0.5940176
nan
nan
0.601084
nan
nan
0.549156
0.5914894117647058
0.6337459844444444
0.6013845588235295
0.5173250769230769
nan
nan
0.5570888307692308
0.6052467837209303
0.6045149418604652
0.622505205263158
0.5738436666666668
0.6364031309523809
0.6605782464285715
0.6233565882352942
0.62261678125
0.6317183333333333
nan
nan
nan
nan
nan
nan
nan
nan
nan
nan
nan
nan
0.7207847777777778
nan
0.6659947096774192
0.5111434643939394
nan
nan
nan
nan
nan
nan
nan
0.6107186818181819
0.6193071009174312
0.6219404513274337
0.5985416837104074
0.4886505
nan
nan
0.6022671451612902
0.612340031496063
0.5634596607142858
0.5962748015873016
0.6036136153846153
0.6100185937499999
0.6012341153846154
0.5849768341232228
0.6029209999999999
nan
nan
nan
nan
nan
nan
nan
nan
nan
nan
nan
nan
nan
nan
nan
0.5311474634146341
nan
nan
nan
nan
nan
nan
nan
1.01322
0.5767716530864196
0.5966168928571428
0.6824218285714286
0.6070005299145299
0.6693986428571428
nan
nan
0.5977723024590164
0.5962788838709677
0.6253953775510204
0.5715325306122448
0.5817054809160306
0.5992595220588235
0.629040595959596
0.6157002222222222
nan
nan
nan
nan
nan
nan
nan
nan
nan
nan
nan
nan
nan
nan
nan
nan
0.5238472909090909
nan
nan
nan
nan
nan
nan
0.8148969999999999
0.48530669230769224
0.5999019545977011
0.6306046513761467
0.5921563529411765
0.6070306300000001
0.6461453289473684
nan
0.599368
0.6168506842105262
0.6648086086956522
0.6140041428571429
0.6096081428571428
0.6713063723809524
0.6652637666666668
nan
nan
nan
nan
nan
nan
nan
nan
nan
nan
nan
nan
nan
nan
nan
nan
nan
nan
nan
nan
nan
nan
nan
nan
nan
0.6200887142857142
0.6234285328467153
0.5790911709401709
0.522769716981132
0.6087465250000001
0.5598429615384616
0.6515480519480519
nan
0.626707
nan
nan
0.566993
0.5999063777777778
0.6418879294117648
nan
nan
nan
nan
nan
nan
nan
nan
nan
nan
nan
nan
nan
nan
nan
nan
nan
nan
nan
nan
nan
nan
nan
nan
nan
0.5825479393939393
0.6392991621621622
0.6746802571428572
0.6396255555555554
0.6683383155172414
0.6491681052631579
0.6366294854368931
0.5811362321428571
0.6216222499999999
nan
nan
nan
0.5935434285714286
0.5670355070422534
0.6133216438356165
nan
nan
nan
nan
nan
nan
nan
nan
nan
nan
nan
nan
nan
nan
nan
nan
nan
nan
nan
nan
nan
nan
nan
nan
0.5335745000000001
nan
0.6474341515151514
0.6024423775510204
0.6202764579439252
0.6703772045454547
0.6413972586206897
0.5973675230769231
0.6436440285714287
0.491409
nan
nan
nan
0.8397749999999999
0.5730404153846154
nan
nan
nan
nan
nan
nan
nan
nan
nan
nan
nan
nan
nan
nan
nan
nan
nan
nan
nan
0.5464087777777777
nan
nan
nan
nan
nan
0.511711
0.6187703685185185
0.546830072847682
0.5932065277777778
0.6153434828571428
0.6389833963963962
0.6178642857142858
0.6091456796875
0.5430717457943925
0.6507917999999999
0.5558799999999999
nan
nan
0.5744251060606061
0.5903390853658537
nan
nan
nan
nan
nan
nan
nan
nan
nan
nan
nan
nan
nan
nan
nan
nan
nan
nan
nan
0.5829440984615385
nan
nan
0.814044
nan
nan
0.6537358571428571
0.60953365
0.595572588235294
0.6417683608247423
0.5981854423076922
0.634293592105263
0.5915951583333334
0.6189923924050634
0.5862142462686567
0.592364
0.797401
nan
0.555313
0.5975458800000001
0.6378042898550724
0.6134079999999998
0.5705222638888889
nan
nan
nan
nan
nan
nan
nan
nan
nan
nan
nan
nan
nan
nan
0.7210417
nan
0.6298581
0.5668539333333334
nan
nan
nan
nan
0.7287535
0.606341830188679
0.6018870270270271
0.6049153809523811
0.6017711395833333
0.6394808372093023
0.6580888805970149
0.5873872018348624
0.6268491724137931
0.6438012183908045
0.468777
0.5665624
nan
0.733227
0.6183591956521738
0.6914296585365853
0.6038247813333334
0.5866356585365853
nan
nan
nan
nan
nan
nan
nan
nan
nan
0.5673161
0.595202829787234
0.5723167105263158
nan
nan
0.5906023827160495
0.5936335639097746
0.6388748854166667
0.5664466869565219
nan
nan
nan
nan
nan
0.6496836000000001
0.5796230606060606
0.6318136732673267
nan
nan
0.6116330825688074
0.6250711919999999
0.6292998245614034
0.6002082380952382
1.0388285000000002
nan
0.57509235
0.6239179636363635
0.5789934047619048
0.6199647777777778
0.5775318181818181
0.6186787373737375
nan
nan
nan
nan
nan
nan
nan
nan
nan
nan
0.6056827586206898
0.6562061538461538
0.5978145844155844
0.6065647395833333
0.5946601868131869
0.6155004339622642
0.6191121052631579
0.6000620864197531
nan
nan
nan
nan
nan
0.6298930833333335
0.6098454230769231
0.5589137666666667
0.6665123509803922
0.6141317837837837
0.596386956140351
0.6419903294117646
0.6571970654205608
0.6071104067796611
0.6415031764705883
0.5742015802469135
0.6063705877192983
0.6532883283582089
nan
0.5656161212121212
0.5838544496644296
0.6018340934579439
nan
nan
nan
nan
nan
nan
nan
nan
nan
nan
nan
0.5583592347826087
0.745159695652174
0.640899544117647
0.6200391683168317
0.5657458426966292
nan
0.5879477924528301
nan
nan
nan
nan
nan
0.6326362727272727
0.6567569555555556
0.573489430625
0.627019120909091
0.610489642857143
0.6171819357664234
0.6726222906976744
0.6349692368421053
0.5861490294117647
0.5799348181818181
0.6028960571428573
0.6108985857142858
0.586922462585034
nan
nan
nan
0.6608917368421052
0.6181736904761905
nan
nan
nan
nan
nan
nan
nan
nan
nan
nan
nan
nan
nan
0.6500084565217391
0.672446794871795
0.5753992432432433
0.5995972243589743
nan
nan
nan
nan
0.39738599999999996
0.5910953207547168
0.5961055520000001
0.6059751896551725
0.6169004660194175
0.617300980392157
0.634458214893617
0.6637517399999999
0.6312147653061223
0.6678707608695652
nan
nan
nan
nan
nan
nan
nan
nan
nan
nan
nan
nan
nan
nan
nan
nan
nan
nan
nan
nan
nan
0.698095153846154
0.63012684
0.5709086493506493
0.57201625
0.5797928523809524
nan
nan
nan
nan
nan
0.5410797692307692
0.662036350877193
0.5367894520661158
0.5868727819548872
0.6275581656804733
0.6596566515151515
0.6399970952380952
0.6158745283018867
nan
nan
nan
nan
nan
nan
nan
nan
nan
nan
nan
nan
nan
nan
nan
nan
nan
nan
nan
nan
0.5504506666666666
0.5681586962025317
0.5973328939393939
0.5911797424242425
0.588997439310345
0.5885492327044025
0.5409495666666666
nan
0.527347
nan
nan
nan
0.662456
0.6260008333333332
0.58123265
0.6091807849462366
0.6471246428571429
0.5855280217391304
0.5889138717948718
nan
nan
nan
nan
nan
nan
nan
nan
nan
nan
nan
nan
nan
nan
nan
nan
nan
nan
nan
0.673002125
0.5822876046511627
0.6013906279069767
0.6618335277777778
0.6526303580246914
0.5281055
0.5658351666666667
nan
nan
nan
nan
nan
nan
nan
0.48413700000000004
0.582650244680851
0.5771368301886792
0.583576
0.6063746363636363
0.6392107500000002
0.6022297014925373
nan
nan
nan
nan
nan
nan
nan
nan
nan
nan
nan
nan
nan
nan
nan
nan
nan
nan
nan
0.580692125
0.6250116935064935
0.6330777254901961
0.590220302631579
0.607744105691057
0.6379864561403508
nan
0.6717755000000001
nan
nan
0.5127165
nan
nan
nan
0.453758
0.6657464285714285
0.6240690699999999
0.61726075
0.649752
0.5855359
0.6174567884615385
0.6145310408163265
nan
nan
nan
nan
nan
nan
nan
0.4322903333333334
nan
nan
nan
nan
nan
nan
nan
nan
nan
nan
nan
nan
nan
0.5772320441176471
0.55437993
0.6345872588235294
0.5957914512195122
0.6160485
0.483334
0.63703824
0.7168125
nan
nan
nan
nan
nan
0.48320266666666667
0.6151619310344828
0.611097275862069
0.6102428518518517
0.6222472916666667
0.5901395862068967
0.6278735714285714
0.5840420545454544
nan
nan
nan
nan
nan
nan
0.5679615333333333
0.6070052962962963
0.6028278392857143
nan
nan
nan
nan
nan
nan
nan
nan
nan
nan
0.6634863188405795
0.6162310189873418
0.6148278333333332
0.679569
0.827096
0.7443416666666667
0.6109930259740259
0.5514905
nan
nan
nan
nan
nan
0.7006279999999999
0.6032545675675676
0.5678
0.5861553741496599
0.5999844705882353
0.5733731666666666
0.6314394166666668
0.62727734375
nan
nan
0.5875330454545453
0.7465306875000001
nan
nan
nan
0.5238380602409638
nan
nan
nan
nan
nan
nan
nan
nan
0.6350983636363636
0.5771250000000002
0.6044304651162791
0.6513181041666666
0.6561844
0.6926431818181819
0.7081850000000001
0.6006174999999999
0.5975553703703704
0.6371937764705882
0.6055251379310345
1.04812
0.727732
nan
nan
nan
0.496452
0.6043488648648647
0.5918125
nan
0.539307
0.5823391428571428
0.436723
0.5750704583333334
nan
0.6275610845070424
0.6091893478260869
0.6097842631578946
nan
nan
nan
0.5211088852459017
nan
nan
nan
nan
nan
nan
nan
nan
nan
0.6113831875
0.5431838083333334
0.6041460000000001
0.5108826666666667
0.168576
0.400451
0.542229265648855
0.5633184864864865
0.6234592413793104
0.5837632727272727
0.620598
0.6223556666666666
0.387578
nan
nan
nan
nan
nan
0.677366
0.6007000434782609
0.5639681190476191
0.5992967923076923
0.627398504950495
0.6431039558823529
0.6357715204081634
0.593854061728395
0.5895064102564103
nan
nan
nan
0.5692212173913044
0.6232205070422536
nan
nan
nan
nan
nan
nan
0.5657396438356165
0.5682492168674699
0.5694822816901407
0.6457955731707318
0.5085310000000001
0.6189776666666666
nan
0.6076920961538461
0.5801530836257309
0.6229471818181818
0.6215369468085107
0.6390815131578946
0.5692540048387096
0.5980158166666668
0.700117
nan
nan
nan
nan
0.569815
0.6090946307692309
0.6141434270833334
0.6233875157894736
0.5964091076923077
0.6901348571428573
0.6140461838323353
0.654760581395349
0.61762048
nan
nan
nan
0.5461695416666666
0.5968506567567569
0.6307342765957447
nan
0.6633774285714286
nan
nan
0.5729476216216215
0.6936363870967742
0.6052058621212121
0.6026980769230769
0.7028638
0.9167938333333333
0.5564576363636364
0.4730103333333333
0.6471527397260274
0.6119314578947369
0.5896537555555554
0.6311282558139535
0.5785961101694915
0.6168568571428572
0.5888381440677966
0.58379284
0.5686104
0.6899095
nan
nan
0.912025
0.682369
0.250902
0.49330200877192976
0.6081249905660376
nan
0.6394225238095239
0.616835184713376
0.6546575370370371
nan
nan
nan
nan
0.6312129275362318
0.5688792872340425
0.6180057428571428
nan
0.6376051428571431
nan
nan
0.5699713448275863
0.5807592256198347
0.5610237931034483
0.5639881842105264
0.6963613333333334
0.785951375
nan
0.6656261142857144
0.5808930422535212
0.628812888
0.5781872256410256
0.5671759523809524
0.6277644029850746
0.592727093220339
0.6445222658227849
0.5843552424242424
0.6433929011764706
nan
nan
0.7448980000000001
0.377205
nan
nan
0.726595
0.5024917
0.6342839225000001
nan
nan
nan
nan
0.598978850877193
0.626869381443299
nan
0.6161591951219512
0.5851601744186046
0.6037421355932202
0.6206195274725275
0.6378124257425742
nan
nan
0.6099882352941176
0.6250262999999999
0.6350655176470589
0.568264
nan
0.610791
0.7154169189189189
0.5751020666666666
0.6159415098039216
0.6200323823529412
nan
nan
0.5916879259259259
0.6417325492063493
0.6230223130434782
0.5957674205607477
0.853172
0.928018
nan
0.5364510618556702
0.6288114660194174
0.5554732166666665
nan
nan
nan
0.6281162096774194
0.5968858163265307
0.6109183294117647
nan
0.6018227173913044
0.6452004264705883
0.6110786923076922
0.5515002156862745
0.5786375866666668
0.6148463705263159
0.6523003243243243
0.6269142537313432
0.6214369387755102
nan
0.6672976216216217
0.6409963829787234
0.6104982499999999
0.6459285384615385
0.46619866666666665
0.5949914000000001
0.6457802653061224
0.6015460853333334
0.6225417894736843
0.6018288514705883
0.6330102016129034
0.6218826603773585
nan
0.5896790858267718
0.5834452847222222
0.6033041034482758
0.571341
0.6114025294117648
nan
0.671424
0.6488449891304349
0.5818648518518518
0.6006805227272728
0.6092069677419355
1.0116735000000001
nan
0.5968753793103448
0.6454957358490565
0.6455299242424243
0.5839301354166667
0.59685175
0.6311860816326531
nan
0.6099351914893617
0.6254133333333334
0.5911221627906976
0.581775808219178
0.6600101851851851
nan
0.6849382786885246
0.6187973737373736
0.6226514893617021
0.5853210526315789
0.423724
nan
0.6171797307692307
0.6148432434782609
0.6394139662921349
0.6115694666666666
0.6342794657534248
0.6341122777777777
0.5590858666666667
nan
0.600009806185567
0.67858225
0.3584075
0.6270706298245614
0.7049068214285713
nan
0.660223
0.5618748467153285
0.6194811774193548
0.5977786315789473
0.5880265805555556
0.6597255714285714
0.6211456666666667
0.393521
0.5787888260869564
0.6289110653594772
0.6109826111111111
0.5888872956521739
0.6130479367088606
0.6517958
0.6452832972972974
0.6604407812499999
0.6568381509433961
0.5685707364864865
0.5711021794871796
0.6216040000000002
0.6964987307692307
0.5560866918604651
0.6034402222222223
0.6189592500000001
0.278351
0.5446936399999999
0.5181513333333334
0.6050029328859059
0.6055777647058823
0.7015857096774194
0.6005569903846154
0.6098008327044024
0.6527946097560975
nan
0.5774450218978103
0.6294709999999999
0.6352892913333333
0.5358105227272727
0.589404
nan
0.6509053636363636
0.6414369999999999
nan
0.6055945151515152
0.6351122564102564
0.6267953239436619
0.7481407272727272
0.818695
0.6888148333333333
0.626583
0.6603349999999999
0.7514963333333332
0.5609354551724137
0.6540697605633804
0.671296982142857
0.5725852105263158
0.5994592031249999
0.5999451016949153
nan
0.610099024691358
0.5923662608695652
0.5829887564102564
0.811719
0.8161253333333334
0.581593857142857
0.6167671666666666
0.6421966363636363
0.5493786130434782
0.6270608307692308
0.5801521923076923
nan
nan
nan
nan
0.6339058452380952
0.6858586833333333
0.6170668523489933
0.5966235609756096
0.777011
0.59143
0.5951410217391304
0.6043418658536586
0.6244200734693878
nan
nan
0.6702417647058823
0.5811529223684211
0.6263118913043477
0.6620046140350878
0.6179166838709678
0.6012817078651685
0.6085395294117647
0.6163016363636363
0.6004526590909092
0.6246010208333334
0.6256288163265307
0.623305704672897
0.608472737704918
0.6095006034482758
0.5885357064220184
0.6023090470588235
0.616607530120482
0.5649165
nan
0.5831628363636363
0.5707400170731708
0.6089725882352941
nan
nan
nan
nan
nan
nan
nan
0.6239014173913044
0.6478667301587302
0.6082376721311477
nan
nan
0.5213585000000001
0.6747588974358973
0.6141734866666667
0.5842151434426229
0.6281000754716981
nan
nan
nan
nan
0.6034362954545455
0.6052665444444444
0.5737770169491525
0.5317036338028168
0.6183078768115942
0.6150005227272728
0.634609761904762
0.6313124433962264
0.63280048
0.6181537826086956
0.5972807653061225
0.635447731707317
0.5860134561403508
0.4830835
0.48806079999999996
0.633102392857143
0.6079238786764707
0.5950960197368421
0.6564743636363636
0.5720963289473684
nan
nan
nan
nan
nan
nan
0.6952363225806453
0.6709836
0.596268425925926
0.6881647142857144
0.6178214788732396
0.6013219626865672
0.5899553198275863
0.6560724805194805
0.6259970612244898
0.6596502718446602
0.5723133846153846
nan
nan
nan
0.590784393442623
0.5548549199999999
0.6343319722222222
0.5445668732394365
nan
0.6256776825396825
0.6324212068965518
0.6281493250000001
0.6189723564356435
0.5998543645833334
0.5917975693693694
1.04364
0.7139621666666667
0.6486368571428571
0.6073493039215686
0.6429993240740741
0.5987478553030303
0.6214088688524588
0.5885987434782608
0.6025677287878788
0.6151752602739725
nan
nan
nan
nan
nan
0.5777326041666667
0.6427762037037037
0.6180686417910448
0.65783375
0.6502801111111112
0.6604137142857144
0.6047721583333333
0.6433597833333331
0.5835562469135802
0.5933094736842107
0.5844853580645162
nan
nan
nan
nan
nan
nan
nan
nan
nan
nan
0.5794415643564356
0.6353413684210526
0.6084081898734176
0.6521628048780488
0.6009964444444444
0.573589
0.6316708160919539
0.5939814519230769
0.6432240857142857
0.5822363814814815
0.5937789974193548
0.6070746796116505
0.6787810277777777
0.5925777714285715
nan
0.5597933714285713
nan
nan
nan
nan
0.6208556666666668
0.645278393939394
0.31718635
0.5886290584269663
0.6066043857142858
nan
0.6321454931506849
0.5987876857142858
0.5293102857142857
0.5445203203883496
nan
nan
nan
nan
nan
nan
nan
nan
nan
0.5929789565217392
0.5705087179487179
0.6131382074074075
0.6058890500000002
0.5864066718750001
0.6498766734693878
0.5892996785714285
0.6353067661290324
0.5699777884615385
0.5760851896551725
0.6250577894736843
0.604142887096774
0.6031865764705883
0.6348473055555556
0.6103430655737705
0.5693960833333332
nan
nan
nan
nan
nan
0.5707729702970298
0.6863417599999999
0.5710018400000001
0.581960698275862
0.6587713225806452
nan
nan
nan
nan
nan
nan
nan
nan
nan
nan
nan
nan
nan
0.5563173622222223
0.640394205882353
0.6111483157894737
0.5786417671232876
0.6080747536231885
0.6224309074074074
0.6187250750000001
0.5867667123287671
0.62499085
0.6415240843373494
nan
nan
0.6230480857142857
0.623368876923077
0.5995325185185185
nan
0.5553236923076923
nan
nan
nan
nan
0.5766640857142857
0.5626213173076923
0.5970970510204082
0.5573703157894737
0.6427709761904762
0.5845559969072165
nan
nan
nan
nan
nan
nan
nan
nan
nan
nan
nan
nan
nan
nan
nan
0.5902098591549294
0.6297898749999999
nan
0.6419267215189873
0.64986109375
0.6733952272727273
0.5541068267716536
0.6392447466666666
0.5281865384615384
nan
0.6039359615384616
0.6138449298245613
0.6674987590909092
nan
nan
nan
nan
nan
nan
0.5803193027027026
0.6414628913043479
0.5893352807017544
0.5918017009090909
0.6602029629629629
0.6513541886792452
0.6334495588235294
nan
nan
nan
nan
nan
nan
nan
nan
nan
nan
nan
nan
nan
nan
0.6667755
0.6404440499999999
nan
nan
nan
0.6249256575342466
0.6532456249999999
0.5570213211009174
0.5768846911764707
nan
0.6849097
0.62339504
0.6310021927710844
0.618886
nan
nan
nan
nan
nan
0.6309667605633802
0.6475164666666668
nan
0.5844301590909091
0.6628414285714285
0.6189783816793893
0.5897341923076922
nan
nan
nan
0.6338365833333334
0.6515865094339623
nan
nan
nan
nan
nan
nan
nan
nan
0.6196357425742575
0.6521187307692308
nan
nan
nan
0.6049533611111113
0.6063429527272727
0.6302553333333333
0.6286928088235294
0.619923765625
0.627337157894737
0.5846830833333334
0.5454039822485207
0.6059002020202021
0.6178823999999998
nan
nan
nan
nan
nan
nan
nan
nan
0.6101057105263158
0.6207194479166668
0.5854958333333333
0.5925697843137254
nan
nan
nan
0.5806685957446809
0.5437810729166667
0.5716030194174757
nan
nan
nan
nan
nan
nan
0.5907729393939394
0.6129798333333334
0.5874736159999999
nan
0.6842041794871795
nan
nan
nan
0.5850806952380952
0.6420051734693878
0.6741114838709676
0.602127736111111
0.6028427627118643
0.5567556
0.6143998148148149
nan
nan
nan
nan
nan
nan
nan
0.5884795945945946
0.64594678
0.5796255730337079
0.5668189322033897
nan
nan
nan
nan
nan
nan
0.567184012987013
0.5658472101449276
0.6791040487804878
0.5883707586206897
0.6130233904761905
nan
nan
0.6538154385964912
0.61534403125
0.6036309741935484
0.6769768363636363
0.6281418541666667
0.5843679999999999
0.5586422258064516
nan
nan
0.6001997358490566
nan
nan
0.6350242647058825
0.6467385070422534
0.5915885454545453
0.6434696666666666
0.6248537142857142
nan
nan
nan
nan
nan
nan
0.5706926489361702
0.6083633725490197
0.6003427628205128
0.58708398
0.5991077142857143
nan
nan
nan
nan
nan
0.6275832380952382
0.6196668931034482
0.5739550527131784
0.62123178125
nan
nan
0.6546202916666667
0.5918755185185185
0.6153198157142856
0.5827959632352941
0.5576662470588235
0.6372815466666666
0.5828146021505376
nan
nan
nan
nan
nan
0.5736402736842107
0.5634372520325204
0.6007723461538461
0.6037800975609756
0.5968852206521739
0.5686214315789474
nan
0.6026885483870968
nan
nan
nan
nan
0.4690049464912281
0.5684239166666667
0.6469925937500001
nan
nan
nan
0.33690266923076917
1.0101390000000001
0.5507019074074073
nan
nan
0.5594423693693694
0.5590707596899225
0.5955998450704225
nan
nan
0.6367160784313725
0.6298717471264368
0.6028387784810126
0.5702444485714285
0.5804441449275363
0.5711683490196079
0.6213120378048781
nan
nan
nan
nan
0.694550590909091
0.553786213592233
0.5467961276595745
0.5736365619047618
0.5898481309523809
0.6413261090909093
nan
nan
0.5541033125
nan
nan
nan
