nan
nan
0.432685
1.6697468775510202
1.7511566974358974
1.6144244779411765
1.7350498964143426
1.685275042368421
1.6823325875000001
1.7296034493670884
1.8054644696132598
1.682036918128655
1.6415691333333333
1.7287169999999998
nan
1.44906
nan
1.6392252857142857
1.9528050000000001
1.7701913888888887
1.7695517166666666
1.8066763636363634
1.34636
nan
1.7328515454545454
1.694845205128205
nan
nan
nan
1.836312258974359
1.7766398027522936
1.7556393606965175
1.7280849096573208
1.7841166158940398
1.683038934355828
1.8238216627906976
nan
nan
nan
nan
nan
nan
1.854675
1.7481101703703703
1.7452243155737706
1.7094666829268295
1.6678824087982833
1.7355387990430624
1.8011867109090909
1.7085262943319837
1.7061199637096773
1.6655810880829014
1.06088
1.9039449999999998
1.54281
1.35883
2.4151249999999997
nan
nan
nan
2.27415
nan
nan
1.6596142857142857
1.6023953991935482
1.4286408617021278
nan
nan
nan
1.7247464439655171
1.7163279740983608
1.7398417894736842
1.7401652640449439
1.7557889136904765
1.7262854512195123
1.720583934782609
1.48899
nan
nan
2.1697249999999997
nan
nan
nan
1.648183925619835
1.6016607631578947
1.7393596170212766
1.743445293582888
1.7498831021505377
1.7544127192926045
1.7480148130841124
1.7694423397790053
1.7285010215517242
1.6845590232558143
1.7071929296875001
1.6596821231884058
1.7422286170212768
2.26673
nan
nan
nan
nan
nan
nan
1.6773847450980395
1.7586390558052436
1.757937095238095
nan
nan
1.8237270341563785
1.6715734866028706
1.7936716113636364
1.774246242216359
1.7503413162939294
1.7590901371681418
1.7198578370370372
1.5910839999999997
nan
2.038455
nan
2.1660500000000003
nan
nan
nan
nan
nan
nan
2.83359
1.8524584825581392
1.742336252136752
1.7647509954337899
1.7490692639405205
1.7814163475728155
1.7232948007604563
1.6904081296296296
1.7038214481049565
1.6833888081761008
1.6468643157894736
2.06795
1.8563192758620692
1.7976588416988417
1.7946735906040268
1.674100375
2.176986923076923
1.7869882352941178
1.7917904066985646
1.7693221
nan
1.8539289515695065
1.7112803247232473
1.7669349590604029
1.7041232218181819
1.6991556392694065
1.7480325170454547
1.6990426606498195
1.702585231707317
1.784167706976744
1.94309
nan
1.6928014999999998
nan
1.7434789333333331
nan
nan
nan
1.7652280198675498
1.741226036900369
1.7266793896103898
1.7970369677419356
1.7046073557312253
1.7468971728813558
1.7306307065637063
1.7753635093167703
1.7116156200716848
1.7037639361702126
1.781295916967509
1.716108590909091
1.6550734134615384
1.412371125
1.691452893258427
1.672926680769231
1.6647490511363636
1.6803666666666668
1.8451040588235295
1.7038496605504587
1.777594739130435
nan
nan
1.7203544195804195
1.8362350102564102
1.8239622843137255
1.73282712987013
1.7479162166172109
1.7263655215686275
1.6092846120689654
1.6666496363636363
2.143898333333333
1.84681
1.436693
nan
nan
nan
nan
2.287585
1.8999440000000003
1.7414187156398104
1.717225826
1.7160041076923078
1.772580910931174
1.8026487169811323
1.776956989208633
1.7551343215547703
1.7851594482758621
1.789771033210332
1.7877890677966102
1.796792430769231
1.600370388888889
1.471379
1.70906533909465
1.827236786764706
1.6966218814814815
1.7240246721991703
1.766050784210526
1.7402943736263736
1.7248263868613138
1.749140601941748
nan
nan
1.7569805948275863
1.7333083409090908
1.7500951530864202
1.7658958903225808
1.8203407234848483
1.7770844952380953
1.5856351132075472
2.29676
nan
nan
nan
nan
nan
1.6372833333333334
nan
1.02045
1.6982345762711863
1.7002481352201257
1.6818770048076923
1.701052519767442
1.7121128432330828
1.7693493318644067
1.688599649145299
1.8000598035714286
1.8226907015706806
1.778210215666667
1.8061295903225807
1.699838035888502
1.8213307426470586
1.737110685106383
1.7311000196721311
1.721376110367893
1.7107924028571428
1.8010418843750002
1.7629236754098359
1.665744479820628
nan
nan
1.6537394988549619
1.6579608565217392
1.7788026653846154
1.778654387890625
1.7106939069230769
1.730487189781022
1.849562458015267
1.6948744433962266
2.118409333333333
1.778646304347826
nan
nan
nan
nan
nan
nan
nan
nan
1.7537355555555556
1.7864914033519557
1.83424927756654
1.7501588046875
1.794022267489712
1.7559931045454544
1.7613415490066224
1.7751341440677966
1.774841733788396
1.775882641350211
1.752382035460993
1.7272706709956713
1.7757143638121549
1.7536219566666666
1.7711381690821255
1.7036138435374149
1.7451855380434784
1.7513100232558139
nan
nan
nan
nan
1.7982074184049082
1.7997721725490197
1.742074698630137
1.7526366933962265
1.7303177834645669
1.8150720133333333
1.5688923157894734
1.6136879999999998
2.00283
nan
nan
nan
nan
nan
nan
0.5652135
nan
1.61686
1.3378825
1.6526568381690139
1.7170018328173375
1.8662857172727272
1.8261426470588236
1.7856877486486484
1.7238494572490706
1.729046732510288
1.7720063833333333
1.7476286969696968
1.695007218888889
1.802133409090909
1.7061390606060607
1.772635853333333
1.6821739854014597
1.7887039851301116
1.7577268270440247
1.7586230942028989
nan
nan
nan
nan
1.5868170207692307
1.737034362385321
1.770991689189189
1.7208038115044249
1.8925563636363636
1.4953656923076923
1.8356631666666665
nan
nan
nan
nan
nan
nan
nan
nan
nan
nan
1.50214
1.9233065263157896
1.9238597750000002
1.7188190458715595
1.9050719999999999
1.7309877142857142
1.365145
1.8603121875
1.7310723629893239
1.781293459074733
1.7858929504950494
1.7640498524590165
1.7592821032028467
1.834275530612245
2.0530875
1.7083607529411766
1.7974139787644787
1.708462952606635
1.6862981206896548
1.7799886086956522
1.7022030076923078
nan
nan
1.7126344918032785
nan
1.6467996615107914
1.6981128210116732
1.429708
2.2027325
nan
nan
nan
nan
nan
nan
nan
nan
nan
nan
nan
1.364595
2.0062325000000003
1.787167065934066
nan
nan
2.43008
1.798798851851852
1.8738062442748094
1.7422456616603326
1.7236992889908256
1.7589827322695035
1.778672925925926
1.721913636627907
1.87503095
1.725171403448276
1.677178005688623
1.6625309670553934
1.7545762275449102
1.7355699395604398
1.686750483290488
1.8125338205555555
nan
1.7223067209302327
1.7476879119718312
nan
1.8077946140350878
1.7845391426395938
1.7021908363636364
nan
nan
nan
nan
nan
nan
nan
nan
1.4909612499999998
1.7221164444444443
nan
nan
nan
2.0184133333333336
1.6819672727272725
nan
1.935135
1.7138548153846154
1.7435088929889297
1.760904672781065
1.744631054255319
1.800560025974026
1.7493922868217053
1.7676771146245058
1.7701632197802195
1.7060064615384616
1.805581923076923
1.7096363752988049
1.7017916462264149
1.755084985840708
1.7549083023255814
1.8195403351063832
1.7457960224719098
nan
1.768802575
1.7422825841726617
1.7388126546391753
1.752577835227273
1.6562781627906977
1.7494975944444446
nan
nan
nan
nan
nan
nan
nan
nan
nan
nan
nan
nan
nan
nan
nan
1.27079
1.8584661299999998
1.8114306534653466
1.69613214229249
1.7013499505494505
1.748315288321168
1.769769721068249
1.7462042011019285
1.792978485596708
1.8832729999999998
1.8686345199999999
1.8156967532467532
1.812966885185185
1.7847798874999998
1.7402540097560975
1.7303107877192982
1.770190509708738
1.6994024421052631
nan
nan
1.7289215558823527
1.6645078394793924
1.8102722333333334
1.7441657009803921
1.7654657609756101
1.9269083333333334
nan
nan
nan
nan
nan
nan
nan
nan
nan
nan
nan
nan
nan
nan
1.8804801176470587
1.7497377745098042
1.7575373013698627
1.8952172525423727
1.716374804964539
1.8016734261168381
1.8034144684385383
1.760345349137931
0.9994375
2.46914
1.69867468907563
1.7494223199999999
1.7304171176470589
1.7382472986206898
1.7772134333333331
1.7746204306930693
1.7961558817204302
1.7136847647058826
nan
nan
nan
1.6882831390109891
1.673641142857143
1.6387397424242425
1.5484918749999999
nan
nan
nan
nan
nan
nan
nan
2.0630522222222223
nan
1.5358905416666666
3.00077
nan
nan
1.9972675
nan
nan
1.665108714285714
1.7580576304347828
1.6587052824427482
1.76057744743083
1.6678274831168833
1.7728721006711412
1.812508214117647
1.785895
nan
1.774264575739645
1.744201927536232
1.8183441121495325
1.7842758862433863
1.8193839026431715
1.7584092990654208
1.819164146835443
1.7313920071942446
nan
nan
nan
nan
1.6764666118644067
1.7430179139784945
1.5648537500000002
1.70085
nan
nan
1.5026641034482755
nan
nan
nan
nan
nan
nan
nan
nan
1.3776105
nan
nan
nan
nan
1.2706055916666668
1.6017270000000001
1.7608883668639055
1.6905336032608695
1.9014049473684211
nan
nan
2.27173
1.4357628333333332
1.6937302686567164
1.7546130614754099
1.7227633023255813
1.7585496481481482
1.78696427734375
1.7240983050847456
1.668596334911243
nan
nan
nan
nan
1.7102923862068964
1.7195606837606838
1.7736654484536083
1.7295072666666667
nan
nan
nan
nan
nan
nan
nan
nan
nan
nan
nan
nan
nan
nan
1.287997
nan
nan
1.7378821764705885
1.870892137254902
2.1189566666666666
nan
nan
1.778018272727273
1.7077742476190476
1.7288087167630057
1.8132104354066982
1.7403802873563217
1.6604993243243245
1.7131867924590163
1.6857194696969695
1.7062648968253968
1.7801349887640447
1.74024262746114
nan
nan
nan
1.6620381655172416
1.7065463658536584
1.6922186952054794
1.7914047733333334
nan
1.67832
nan
nan
nan
nan
nan
nan
nan
1.7662559658064514
1.7489406470588236
nan
2.0587866666666663
nan
1.672825
nan
nan
nan
nan
nan
nan
1.5891673313432833
1.6940460817460317
1.7154976025104602
1.7509293811320754
1.642261678111588
1.7309361072727272
1.7589858137254903
nan
1.703618590673575
1.6650016117647055
1.7589786450381684
1.786327382165605
nan
1.7873483761467888
1.7890513263888888
1.6855676
1.6596123311855668
1.662300898648649
1.751597190476191
nan
nan
nan
nan
nan
nan
1.7018515
nan
nan
1.7682235964912278
1.67280908
1.7342301249999998
nan
nan
nan
nan
2.9759
nan
nan
1.8056653333333332
1.6982598461538463
1.6960515933014355
1.6830597653846153
1.6187009155339804
1.811260323076923
nan
nan
1.7256346979865775
1.805129006734007
1.7914576568265683
1.8141046936416183
1.6897878009478673
1.74365709375
1.6927911408163265
1.6960160267489715
1.5845438132911396
1.693192688172043
1.8191152954545455
1.8269631578947367
1.7800449999999999
nan
nan
nan
nan
nan
1.8716066666666666
1.9815399999999996
1.109854142857143
1.5464490563636366
1.5666476298342542
1.6366289567901235
1.7098355342465754
1.720534285714286
nan
nan
nan
nan
1.7748175000000002
nan
1.8178634583333333
1.9421856511627906
1.5734513644859816
1.70880299
1.7436318487084872
1.7478491806451615
1.7529854779411764
1.7350443409090912
nan
1.82323851091954
1.7331470900668897
1.534083090909091
2.0138016666666663
1.7207448528528526
1.8549386324031008
1.7871289375
2.2069088888888886
1.484697
nan
nan
nan
nan
nan
nan
nan
1.70549
nan
nan
nan
1.952235
1.7072583124999998
1.6465097368421053
1.7012496709677418
1.6822193092783506
1.572772642622951
nan
nan
1.18589
nan
nan
nan
nan
1.7396483571428571
1.6789076781609191
1.7765711440677967
1.7142185554112557
1.7548999306358382
1.6573762966071428
1.7163165611111109
1.8102992272727272
1.8529539166666666
1.8326974929133857
1.5060289999999996
1.885116644230769
1.8822944444444447
2.152236
nan
1.54203
2.01992
nan
nan
0.919441
1.86312
nan
2.47537
nan
nan
nan
nan
nan
1.7131021629629628
1.5876071848739493
1.7169768833333332
1.9418876818181816
1.774966786885246
2.09408
nan
nan
nan
nan
nan
nan
2.3731
1.6479591249999999
1.6153249027237355
1.7184852180094792
1.6258259565217392
1.7115092096774194
1.7602935141048035
1.750463635526316
1.7225990291262139
1.7445315574712645
nan
nan
nan
nan
1.7260900000000001
1.859975035087719
1.8141210543478261
1.577289
1.8492898624390246
1.55143
nan
nan
nan
nan
nan
1.53511
1.466205
1.74006
1.10688
1.9001966666666668
1.30421
1.8310980000000001
nan
nan
nan
nan
nan
nan
nan
nan
1.6566427857142858
1.6366300416666668
1.6770312730158732
1.792482010752688
1.8075954285714286
1.7736680648148149
1.7521444912234043
1.7515151538461535
1.7765134915254237
1.669118789473684
nan
nan
2.103733333333333
1.810740224489796
1.656802589041096
1.7431968738738741
1.7386174888888888
1.9300599999999999
2.46912
nan
nan
1.7310150000000002
1.7534778181818182
1.849167
1.8650950000000002
nan
nan
nan
nan
nan
nan
1.95396
nan
nan
nan
nan
nan
nan
nan
nan
nan
1.6110054347826086
1.6008474999999995
1.7401482608695655
1.455612
1.7777593200000001
1.6868369032258064
1.7708363235294118
1.6786381842105265
2.0778350000000003
nan
1.678609484848485
1.6235267924528303
1.6925963991701245
1.7560051383647801
1.6747902269503545
1.8408259202453987
1.57962225
1.943065
nan
nan
nan
1.8282516067415733
1.7974182790697673
1.559866823529412
3.05572
nan
nan
nan
nan
nan
nan
nan
nan
nan
nan
nan
nan
nan
1.5692701538461538
nan
1.4215053333333334
nan
2.1616616428571427
nan
nan
2.1312745454545454
1.2564815
nan
2.07441
1.690547453271028
1.7018212610837442
1.746961984848485
1.68394868202765
1.6833926769662921
1.7046919542857144
1.97674
1.62311
2.696945
1.32533
nan
1.571963
1.7004924388888891
1.755274171875
1.817601621212121
1.6308886153846152
2.441835
1.39195
nan
nan
nan
nan
nan
nan
nan
nan
nan
nan
nan
nan
nan
nan
1.94898
nan
nan
1.8356639166666666
nan
nan
1.7188508
1.6447876013513514
1.7163997688679242
1.9121194436363635
1.7223759862318844
1.721199129213483
1.855256870689655
1.9940861111111114
nan
nan
0.941629
nan
nan
1.7903182666666666
1.7019571891891891
1.713929407894737
1.8873746117647061
1.7605353584905659
1.7338095316455702
1.8386616249999999
nan
nan
nan
nan
nan
nan
nan
nan
nan
nan
nan
nan
nan
nan
nan
nan
1.4000400000000002
1.5825049411764707
1.6814710666666668
1.2608638461538457
1.8779167540983606
1.721377122666667
1.560384794520548
1.692938581081081
1.7932744859813083
1.6907041523809523
1.6756742031249998
nan
nan
nan
nan
1.5874
nan
1.87705934375
1.6305387958333335
1.6815525741237114
1.6888006902173913
1.7501779832191782
1.7262116594202899
1.796358695652174
nan
nan
nan
nan
nan
nan
nan
0.952363
nan
nan
nan
nan
1.82446
nan
nan
1.6312413846153846
1.6002291
1.806604875
1.130765
1.7388442857142858
2.0669633333333333
1.58565
1.6334873805970151
1.8149782549019609
1.7661132179487187
1.704825
0.860405
nan
2.0667804000000003
1.26789
nan
1.14913
1.5312038189534882
1.72302423880597
1.651201273374233
1.6108171931034483
1.801874224137931
1.7376510664206644
1.6588981972789116
1.7616532674418606
nan
nan
nan
nan
nan
1.3042
nan
nan
nan
nan
nan
nan
1.4155253333333333
nan
nan
nan
1.8021813999999998
nan
nan
nan
nan
nan
1.7977438461538462
1.66443
1.8031256818181818
nan
nan
nan
1.6324493750000002
1.8816000000000002
2.44959
1.8195665454545455
1.5855814285714287
1.8836016739130437
2.0016141249999997
1.8202019468085113
1.7069875602836881
1.8319845032258064
1.7941199918699184
1.6954207536231884
nan
nan
nan
nan
nan
1.7220727727272729
1.8372442105263154
nan
nan
nan
nan
nan
nan
1.87869
nan
nan
1.6824131666666666
nan
nan
nan
nan
nan
1.49824
nan
2.14863
1.66675
1.5775794615384617
1.5300273333333336
2.1264058571428572
1.7240216
1.626
nan
nan
nan
2.83933
1.6971199
1.8922957142857144
1.76646303125
1.7599637407407411
1.721058461038961
nan
nan
nan
nan
nan
1.7156146710526317
1.8572878833333335
1.6107724340614336
1.39356
nan
nan
nan
nan
1.646087
1.7233520000000002
1.4799913125
nan
1.7804516666666668
1.8092178333333335
1.460443777777778
1.9380866
1.6828482857142855
1.6102203333333334
1.7531163230769233
1.6804730833333335
1.9029366666666665
1.92818
nan
1.30301175
2.62894
2.02288
2.074315
2.3101599999999998
nan
nan
1.9166773333333333
1.9350866666666666
1.891816666666667
1.793765375
1.6639846734693877
nan
nan
nan
nan
nan
nan
1.8096021037837837
1.7395698449612402
1.7172137636363638
1.6245188
nan
1.8815114285714287
nan
nan
1.4088859999999999
1.8755405652173913
1.5986196666666668
1.5175052
1.2584888571428574
1.7782399999999998
1.8767678333333333
1.8006241428571428
1.92418625
1.538805
2.84038
nan
nan
1.9669275
nan
nan
1.1152465
nan
1.8344863636363635
1.9789108000000002
1.874992238095238
1.7421676470588234
1.6076214999999998
1.6972530714285716
1.6348433809523808
1.6561607999999999
nan
nan
nan
nan
nan
nan
1.7047738780487807
1.7199731249999999
1.882386971014493
1.7352104294478525
1.8341346142857142
1.5574156666666668
2.066275
nan
2.1223925
1.6105933333333333
1.1496683333333333
1.3060999999999998
nan
1.4184648
nan
nan
nan
1.94768
1.2868039999999998
1.8133825
1.7762898499999995
nan
1.5922471423076925
2.004205
2.15027
2.39421
1.7719329411764708
1.7011194414634148
1.6791915740384615
1.7865323701298703
1.749731503030303
1.7826662727272724
1.7402478125
1.7284929473684212
nan
nan
nan
nan
nan
1.772991340782123
1.6539150021978022
1.7437179658940394
1.770488045226131
1.6942936861538462
1.6574068829787234
1.7885355223880597
nan
0.9776819999999999
nan
1.59782
nan
nan
nan
nan
nan
nan
nan
nan
nan
2.50036
1.732298588235294
1.780036704
1.7349136666666667
1.6750118529411766
1.6599769166666665
nan
1.6702734705882354
1.684704068
1.5835668513513512
1.7850776682464455
1.7175849536082475
1.7210928766233768
1.6902812829581992
1.717528976470588
nan
nan
nan
nan
nan
1.5606233707865171
1.70390678125
1.775573714828897
1.7150680689655173
1.7790962474226806
1.7663325657142854
1.6759423071428572
1.6746077685185183
1.74489875
1.2635480000000001
2.312303333333333
nan
nan
nan
1.42928
1.9552
1.6790048787878786
1.8045141111111112
1.620139972222222
nan
1.736532476923077
1.757944289719626
1.7323698833333334
1.8610828674698794
1.6027227647058826
1.7120983333333335
1.7965816666666665
1.8449526315789473
1.8965136212121212
1.6749379265536724
1.744292094520548
1.6897073144654087
1.839893909090909
1.7504106300000002
1.694142424126984
nan
nan
nan
nan
nan
1.6748244528301888
1.7761107399380804
1.6923636
1.801474801724138
1.779418
1.8237410285714288
1.6890936862068968
1.71358
0.810459
1.6067420000000001
nan
nan
nan
nan
2.0075914285714287
1.8281952307692306
2.16688
1.7588279823008848
1.6167405532786885
1.7344855324675323
1.8112907685185187
1.7708245639534883
1.6462664424778761
1.960053870967742
1.996225333333333
1.445454
2.1605480000000004
2.290433333333333
1.7205638333333333
1.7433553229813665
1.7263496847826088
1.7044564352941178
1.7254912549019608
1.7690844386792453
1.7703148205128205
nan
nan
nan
nan
nan
nan
1.7737444078947369
1.7183997765957446
1.8217124864864864
1.7677993295454548
1.824984556521739
2.2047933333333334
0.9579073333333333
2.67478
1.55840575
nan
2.1896959999999996
nan
1.9708238125
2.00665
1.5495706666666667
1.7262874324324327
1.751670892857143
1.8885676666666664
1.664939427536232
1.7232334913043479
1.714049562916667
1.6953788853503184
1.7351599440993788
1.7930407376344086
1.5883055714285716
2.03451
nan
1.7766797083333332
1.7451066666666664
1.694742804054054
1.7440446836363634
1.7031698714285715
1.7566130718954247
1.7770807177419357
nan
nan
nan
nan
nan
1.69921027625
1.7301951025641027
1.7516522605633804
1.4592812
1.7632133333333335
1.5448513333333331
nan
2.575533333333333
1.5919949999999998
1.7524175714285712
nan
2.1334625
1.95771
1.5607445625
1.938692851851852
1.6002878
1.7043269523809523
1.8129495
1.8781855573770492
1.7541794806201547
1.7680453427230047
1.7227721843749997
1.6830986499999998
1.7073861366459626
1.4342970810810811
1.9626833333333333
1.9317763076923078
1.11673
1.7856988791208792
1.7605464357976655
1.698422513761468
1.8266804780701755
1.7467349889705883
1.7384175807228914
1.703339193181818
nan
nan
nan
nan
nan
1.834645
1.6787338763250883
1.6745499343065693
1.7309663199999996
2.02467
2.0272
1.9542575
1.8246933333333333
nan
1.77845
1.6774022222222222
1.3425099999999999
nan
1.5724981818181818
1.7468814727272726
1.6178041357142856
1.608643856
1.6262965933701656
1.7268996837004407
1.7827247218045115
1.7652394834437084
1.659575157142857
1.7799949907834103
1.6392618260869565
1.7200556136363636
1.8124366666666667
2.64293
1.5612620000000001
1.7721963113207548
1.7708145605536332
1.725382874264706
1.702465612745098
1.8126600546448088
1.7752686398104265
1.8119014649122809
nan
nan
nan
nan
nan
1.7355868842592594
1.7317018031746034
1.7515761644736842
1.741655479452055
1.90124
nan
1.078278
1.876003833333333
1.2256183749999998
nan
1.6731072777777778
1.8316364999999997
1.68889556
2.194791428571429
1.7668667547169814
1.7506499473684212
1.7239704999999999
1.705399956521739
1.7124292478632475
1.749321475177305
1.7704569303482585
1.753439301282051
1.7296070081632653
1.739813261780105
1.7787578499999999
1.764688588235294
1.9088279999999997
1.773114714285714
1.7342362734821428
1.6927955699481865
1.7170323978448274
1.7382728502024296
1.7508629829787234
1.7697962737373736
1.8218832669902914
nan
nan
nan
nan
nan
nan
1.719424271551724
1.7953011534653467
1.7193028545454545
1.6739581355932205
1.828416735632184
1.8141504523809522
1.9437885384615385
1.706275
2.42436
1.2704786666666668
1.278077375
1.6759148
1.7012638888888887
2.2518179999999997
1.2772216666666667
2.4992466666666666
1.94547
1.7729313877551023
1.8256822142857143
1.7380043333333335
1.6971992451923077
1.6938059316239318
1.7666969814814817
1.8514968101265818
1.908755760869565
2.0169224999999997
1.6435935238095236
1.6074465938566553
1.8651543734939757
1.7420955541401275
1.7075742613636364
1.7798574722222222
1.5638741259842517
1.7109759491525423
nan
nan
nan
nan
nan
nan
1.64506
1.7817887379310346
1.7895365411764712
1.6707437021276597
1.664253361290323
1.7512301406779658
1.7888564104166667
1.8588184166666668
1.758701625
1.7830959999999998
1.927545
2.4067166666666666
nan
1.6422542727272726
nan
1.3594513571428573
nan
1.8745989090909092
1.8831532857142854
1.6796751455696206
1.748895056910569
1.6849812586206896
1.7247333413793104
1.8702564747474748
1.6595978235294115
1.8464441666666667
1.6200444126984126
1.6814045482233506
1.7284619884615386
1.8098694523809524
1.8629250746268655
1.7150547187499998
1.7180419999999998
1.7562870468750003
nan
nan
nan
nan
nan
nan
nan
1.703776453113553
1.6986568170731708
1.7225876838207548
1.7512674303797466
1.7362948373493978
1.74030125
1.429106
0.95364675
2.0703714285714283
1.6378920000000001
1.92625
1.8864071999999996
1.5562776111111112
2.33527
2.10702
1.9114211818181817
1.6882286249999998
1.651613086956522
1.8448278033472805
1.7878742865800865
1.706261281105991
1.7548879885931559
1.7610511597222223
1.8898797096774191
1.766563891891892
1.703350918918919
1.6967556938775508
1.736004973493976
1.7540110000000002
1.6908046444444447
1.707991663546798
1.6671848095238098
1.7064147517857144
nan
nan
nan
nan
nan
nan
1.714579167539267
1.7558171333333332
1.6386705059360727
1.8154404615384616
1.75789659375
2.0040597142857144
nan
1.92094
nan
2.6781249999999996
nan
1.7570733333333333
2.1870886666666665
1.7752743125
1.8830167586206894
nan
1.76358903125
1.839182150943396
1.7538851228070176
1.7487979715025903
1.7951263484848485
1.7527491964102562
1.8016488284023668
1.697959347813411
1.7475239528301887
1.693149923076923
1.80064
1.9540161538461542
2.0490520625
1.6801763162037033
1.7807213047619046
1.8107230817307693
1.6861768906005221
1.6970326705882353
nan
nan
nan
nan
nan
nan
nan
1.745504984397163
1.776951097560976
1.7630866217948717
1.7345939101123597
1.6967581666666662
1.6407169333333333
nan
2.05601
1.8218983333333332
1.7893184999999998
2.2907816666666667
nan
nan
1.8309372916666666
1.54991
1.5910025625
1.7047535833333332
1.75905676953125
1.8138550612244897
1.7093647433628316
1.71164906763285
1.7528276007567567
1.7658981734693877
1.703152505102041
1.7056059743589742
1.8749739729729726
1.7431444144144148
1.7976343005952382
1.7352848343612335
1.7389994417177914
1.7356034853556486
nan
1.704989754385965
nan
nan
nan
nan
nan
nan
nan
1.7596137614678902
1.8478363835616438
1.835491847457627
1.7168905405405404
1.8095530434782605
1.3265
2.12319
1.6145475
1.866388333333333
1.7630794814814814
1.7540885
1.7789227966101693
1.744397423076923
1.8894099999999998
nan
2.848925
2.0468667857142853
1.8316993750000001
1.818238828125
1.7577024469696971
1.8123155758928573
1.8270018535031847
1.7720697461139896
1.8993446192982457
1.8148175357142853
1.7154892481751827
1.672003213224299
1.8317332764227645
1.8282150176991152
nan
1.7243549603174602
1.7238528522727272
1.6802787371345027
nan
nan
nan
nan
nan
nan
nan
1.737752078125
1.7147137096774194
1.8450021946902653
2.0585699444444443
1.74981
1.4642654
nan
1.5535302
1.8630514615384615
1.9175605416666663
1.831991146341463
1.6455791886792457
1.7947973890909092
nan
2.36701
1.8496745
1.8502357058823529
1.767577777777778
1.7921745090909094
1.836313402173913
1.8646225260869569
1.7861675153153156
1.6862730835294117
1.7393625365853655
1.7367865082568807
1.7782444713541665
1.7879783513513514
1.7486698888888887
1.7499576192893402
1.750879582222222
1.8040486650485437
1.8053585999999997
1.676932096551724
nan
nan
nan
nan
nan
nan
nan
1.749856405737705
1.6445036532608697
1.686209017699115
1.8073521694915256
1.4859854444444445
1.9117440555555558
1.7025336428571427
1.6802895714285717
1.7995576805555555
1.6762425042016804
1.7171787136563879
1.7141049487179487
1.4125497285714286
nan
2.059800888888889
2.1275406666666665
1.7152796944444446
1.8184978202247195
1.7755692631578948
1.8288025864661654
1.7737366798701297
1.809638588235294
1.669877104761905
1.831114017301038
1.8618349371727747
1.7832998869565218
1.828620726190476
1.7491737616129028
1.7195517789473682
1.7671805445544553
1.7950159413636362
1.793237788659794
1.8062635364238413
nan
nan
nan
nan
nan
nan
nan
1.670167614693878
1.8090579798994972
1.758429028169014
1.7183669668874173
1.6243126444444442
1.823861309352518
1.6679389130434785
2.078343
1.9079328863636362
1.725065059322034
1.8444710714285715
1.7582102111111109
1.7426825454545456
0.252116
1.9429092857142858
2.22147
1.6901176153846154
1.8533670545454546
1.7515841880341882
1.7138088431372551
1.8168523777777779
1.817867281938326
1.7643736728110595
1.7638983573988443
1.7712785798561153
1.7510536408496733
1.7970366758409786
1.7406407715719063
1.6637837500000006
1.7197989330357142
1.6382708061349691
1.714765173076923
1.7342187066666663
nan
nan
nan
nan
nan
nan
nan
nan
1.728641473076923
1.7377897602739725
1.736950508910891
1.785690290393013
1.6504492937062936
1.707672712643678
1.7361779635036494
1.6034430156250001
1.7789899275362318
1.898467222222222
2.1040183333333333
1.8029331904761903
1.74357
1.9034266666666664
1.6877146666666667
1.7524257000000003
1.8363790579710146
1.7738491809523806
1.7228849145299145
1.6972897838582677
1.72461155186722
1.7017261385365856
1.7936655
1.6648229903225806
1.8028256830434786
1.7287103294117647
1.699901907103825
1.7517013558558558
1.7541515746268657
1.7879799210526317
1.7970021621621621
1.7440099761904766
nan
nan
nan
nan
nan
nan
nan
nan
1.8406239648044693
1.7071602362637364
1.779033030120482
1.8059853625
1.7101856740740742
1.7102334102564105
1.785128524369748
1.87200325
1.79834684
1.7368510185185184
1.7085211351351353
1.6465356458333333
1.836915291666667
1.9378097142857145
1.6405060833333331
1.7154701111111113
1.786654761904762
1.57842390625
1.7646750188679245
1.7327024630541872
1.8095475868725868
1.8028875630434782
nan
1.8456684158415841
1.703003427385892
1.7082568599999997
1.713029530726257
1.8178187876106195
1.703522179487179
1.6557388
1.577880333333333
1.8976479325842694
nan
nan
nan
nan
nan
nan
nan
nan
nan
1.7623899789915964
1.6540699177339901
1.7790757519083968
1.8171486375
1.814712570464135
1.8672042040816323
1.830841192660551
1.791493894409938
1.6721632053571427
1.719990342857143
1.7042343900332226
1.607738644230769
1.3640004285714284
nan
2.34873
1.7390253265306121
1.8917087064220186
1.8024881010638298
1.714463756937799
1.7607408475336324
1.7418866846153847
1.7589627106796115
1.742769294117647
1.822356140350877
1.7592714825581395
1.7012630673076923
1.8222627450980393
1.7300852492307692
1.7084259435483868
1.801898476190476
1.6040743173431735
nan
nan
nan
nan
nan
nan
nan
nan
nan
1.7948433533923303
1.7783795019305018
1.716399154362416
1.7405158050314464
1.7410575288461538
1.7065764791666667
1.7793250307692308
1.7773062191011235
1.7943217895833332
1.7952333120567374
1.7371932526315788
1.781753309448819
1.8277774444444443
2.071727636363636
1.6092792272727274
1.8814
1.583545391304348
1.6807819226804124
1.751772021276596
1.8738239957805911
1.758275222614841
1.81285223580786
1.6868869090517242
1.7353949452054793
1.75775395625
1.7544128679245286
1.7431481524271841
1.733443549107143
1.729890969767442
1.9083444230769233
1.7552574459999994
nan
nan
nan
nan
nan
nan
nan
nan
nan
1.7670066555555555
1.7512812231660233
1.7403991384341637
1.7366516164383559
1.743664885572139
1.7149466722972975
1.8020581192660554
1.7067376798561151
1.7099130444444441
1.8026880433604335
1.734076829959514
1.733025748815166
1.7536648181818182
1.7576110952380954
1.6911808333333334
nan
1.7719644285714289
1.767248891566265
1.7635943529411764
1.7898351944680853
1.8126251910112356
1.842118686567164
1.7617944907407408
1.844714957446809
1.7258570000000002
1.6717796071428572
1.7626877754629628
1.733543012903226
1.7981103413173656
1.7468175698324022
1.7744601103448272
nan
nan
nan
nan
nan
nan
nan
nan
nan
1.6384026092105262
1.7690590116279068
1.753565296969697
1.7578562592592593
1.730597085116279
1.7427571588571427
1.6893871066666668
1.7426578756329114
1.7533738377358488
1.8511206335877863
1.713744337820513
1.7150058115183249
1.7694265966244724
1.7541256732673263
1.944236365217391
nan
1.4038521913043478
1.6837903749999998
1.5840468076923078
1.7953233396226416
1.720724552
1.8339273684210526
1.773937293103448
1.8364072278481014
1.7109413287356325
1.7841979215686272
1.8303245315789474
1.7230485333333332
1.7064695474747476
1.78475772
1.7040760804195803
nan
nan
nan
nan
nan
nan
nan
nan
nan
1.7751791386861313
1.6869255274725274
1.6812663727915194
1.7607801302158272
1.7826786428571428
1.7964440352112676
1.7696616330275228
1.7437236524137931
1.7285795779816515
1.7615549177718834
nan
1.7840771989795918
1.7346057363636365
1.6784022649253731
2.0127903478260873
0.9804780000000001
1.7747181666666665
1.9294674999999997
1.7965222330097086
1.6071457466666663
1.8119942786885248
1.7910875391304348
1.8182512835820894
1.656461015923567
1.8225911304347826
1.8862738125
1.8045818432835823
1.8771161603053435
1.7911699994845363
1.6830475231316726
1.6554401590909091
nan
nan
nan
nan
nan
nan
nan
nan
nan
nan
nan
1.5544388976190475
1.680983795031056
1.6835669556962023
nan
nan
nan
nan
1.7923041256281407
1.7136748354978355
1.8091218465346537
1.6527854847161574
1.7453406274509804
1.6581410399999998
1.7740574999999998
1.9211071999999998
1.8905678
1.83348144
1.7686813676056339
1.802290610619469
1.7117303220338984
1.7575372605042017
1.7892104300341296
1.8116806695652177
1.7329661140939596
1.7606010933852139
1.8519768725490198
1.815370811764706
1.7342907430051813
1.6498779611650487
nan
nan
nan
nan
nan
nan
nan
nan
nan
nan
nan
nan
nan
nan
nan
nan
nan
nan
nan
1.6656768564102564
1.7470309205607475
1.883199220212766
1.653549476190476
1.7215993749999998
1.695598676056338
2.0150764864864863
1.5799303571428571
1.8672851111111113
1.6971983555555554
1.7655595499999999
1.7448522727272726
1.6698315615384616
1.7577307018633541
1.7995164715789476
1.6982152544303797
1.7596705764075067
1.8713495263157893
1.639489711794872
1.7549873311258282
1.6804148679245285
nan
nan
nan
nan
nan
nan
nan
nan
nan
nan
nan
nan
nan
nan
nan
nan
nan
nan
nan
1.6806635866666666
1.7489497428571426
1.748548292035398
1.8144364661870502
1.7846001694915252
1.7613891486486488
1.7665525694444444
1.5757434347826085
1.7265470675675676
1.6106002063492064
1.7076319132158588
1.8281345773195874
1.692469034722222
1.6688347857142858
1.7600949391891894
1.7625428734177213
1.7113859617486338
1.7310173090909091
1.7030328439716313
1.6815846535433072
1.7893561379310345
nan
nan
nan
nan
nan
nan
nan
nan
nan
nan
nan
nan
nan
nan
nan
nan
nan
nan
nan
nan
1.7740948766233768
1.675650490774908
1.6633327386934678
1.7196086427710844
1.7045444685990339
1.5268818
1.8350152048192772
1.6637199256410253
1.7590729625000001
1.7015631794871793
1.7333740602673795
1.7760727721518985
1.719652948497854
1.6813730279069765
1.74377896
1.8591990727272725
1.8264385248587571
1.6918179464285714
nan
1.4192851122994652
