nan
nan
nan
nan
nan
nan
nan
nan
nan
nan
1.11165
nan
nan
nan
nan
nan
nan
nan
nan
nan
nan
1.3974175
0.9671890485829959
1.0750668371040724
1.240731489361702
1.2148972483221478
1.1156115130718955
1.1761744255319149
1.138348128445748
1.187612911392405
1.1228848595041323
1.0974631184210526
1.0984679220779219
1.1082263379310344
1.164667375
1.090558172123894
1.1816299393939393
1.2507175245901638
nan
nan
nan
nan
1.0298051666666665
nan
nan
nan
nan
nan
0.896662
nan
nan
nan
nan
nan
nan
nan
nan
1.0389050000000002
1.272629
1.40104
nan
nan
1.3561833333333333
1.1184944823529412
1.1236392517006806
1.2190945181818182
1.138940438271605
1.196497197044335
1.2365144961240309
1.1787472678571427
1.201750305263158
1.1554122758620688
nan
nan
1.1188145806451613
1.1415098159509203
1.1244061818181819
1.097103010471204
1.1066685052631582
0.9909771321839081
1.1512336666666667
nan
nan
1.24648
nan
1.14567
nan
nan
nan
1.1430548181818183
1.66273
0.9107784999999999
nan
nan
nan
nan
1.13923
0.9938123089285714
1.1624827107438018
1.26363
nan
nan
1.2094633333333336
nan
1.2035111228070177
1.1687228940092167
1.2245383801169591
1.2009009912280701
1.2010379378881986
1.176858818815331
1.2115793823529413
1.1763733267326735
nan
nan
nan
1.2100992612612613
1.2171460169491526
1.1017506626506024
nan
1.1283792631578946
nan
nan
0.988985
1.0142685
0.9610682
nan
1.43307
nan
nan
1.5182449999999998
nan
nan
nan
nan
nan
1.2693510000000001
0.9680116666666666
1.0524926846153846
1.1276175918367346
1.12778056
1.0850757454545454
0.92408
1.33250475
nan
nan
1.2923420133333337
1.148706195
1.1691734093567252
1.1996958387096774
1.135992282142857
1.171227765957447
1.0924920920245396
nan
nan
1.2445566753246753
1.2053542208588957
1.183716160447761
1.2283484615384614
nan
1.1688257758620688
1.1622636
0.9818370000000001
0.9772418749999998
1.2782691
1.094186878787879
1.1088291857142858
1.5827266666666666
1.22251175
nan
nan
0.9625197142857144
1.16204
nan
nan
nan
nan
nan
nan
1.1842100593220342
1.149901231213873
1.1725740085470082
1.1920207432432433
1.208078731958763
1.1896593609467456
1.24397625
1.2348082891566265
1.1994147461928935
1.132689279329609
1.259934128571429
1.20436778
nan
nan
nan
1.158199254901961
1.1512267840909092
1.2005008983739838
1.1676675738636364
nan
nan
1.100451821656051
1.1720834285714286
0.635895
1.6791862499999999
1.2179001496062993
1.1299729605911328
1.4759
1.123527610738255
1.1397923357664235
0.84437525
nan
1.6841
0.823853
nan
nan
nan
1.1283506666666667
1.35692
1.2209252105263158
1.162327348387097
1.1814583884297518
1.1555326666666668
1.2120656666666665
1.075506375
1.2056887906976743
1.1997065
1.2227490813008128
1.1793308881987579
1.18011175
1.1730569620253164
nan
nan
nan
nan
1.1715554597701152
1.1152248920863308
1.1330761571428571
nan
nan
1.1091047572815536
1.0561569857142856
1.1828876666666668
1.2609248636363635
1.200060411764706
1.176586156424581
1.3852935000000002
1.167927
1.119324479638009
1.1774931135135136
nan
nan
nan
1.50321
nan
nan
nan
0.855059
1.1324444195804195
1.1435743758865249
1.125116234375
1.2120184505928855
1.22310102739726
1.1279683287401576
1.1993965333333336
1.1684739581881534
1.2037706543209878
1.2170428414634147
1.2046463902439024
1.1839044060913706
1.069483285534591
nan
nan
nan
1.1229121296296296
1.1423353999999997
nan
nan
nan
nan
1.1311299132947976
1.0585070681818183
1.3168583333333332
1.1414648870056499
1.1389402845528456
1.1024805999999998
1.13229339375
1.1185875621890546
1.1906079642857144
1.37632
nan
nan
nan
1.2908266666666666
nan
nan
nan
1.1376488174603177
1.1943102325581394
1.1466247087301584
1.1572706893939395
1.1774385194805195
1.1952912838983052
1.1763797338709676
1.1431248666666667
1.1901134910179638
1.149547521276596
1.2219399191919191
1.1141384210526315
1.1821906060606058
1.1035253900709219
1.1943078709677417
nan
nan
nan
nan
nan
nan
nan
1.185528215277778
1.118354816993464
1.2448618666666666
1.05458
1.173250008064516
1.1540318938547487
1.1701061812865494
1.0918318260869566
1.1272462839506172
0.6986365
1.16741
nan
nan
nan
nan
nan
1.4889
1.1162542289719628
1.1229416690140843
1.1496136419753085
1.1864073142011835
1.1804079265536724
1.1530585739130437
1.2261514030534353
1.183322125
1.2021460204081633
1.22869358974359
nan
1.2723808256880733
1.1314051020408165
1.1983161860465117
1.1678038157894737
1.2436318028169013
nan
nan
nan
nan
nan
nan
1.1663587142857146
1.1873399523809522
1.1698475474860335
1.2287680114942527
1.1684333150684931
1.107133
1.1528569163636364
1.10937468
1.1064164025974024
1.1510643714285715
1.277704142857143
1.2834476666666665
nan
nan
0.91489
1.2026853333333334
nan
1.0791188333333335
1.195741
1.2070299999999998
1.4700913333333332
1.211212769230769
1.1694010628272251
1.2393576875
1.1900692272727271
1.268085490909091
1.2104695306122448
1.1988603428571427
1.2233169532710284
1.2342776078431372
1.1331575314685314
nan
nan
nan
nan
nan
nan
nan
nan
nan
1.2001129714285714
1.1171663416666666
1.1571282406015038
1.1321418210526315
1.362934214285714
1.1631184596273292
1.1186486575342467
1.1424225333333335
1.2306698333333332
1.29969
1.26346
nan
nan
nan
nan
nan
nan
nan
nan
1.26379
1.222562474747475
1.1668216431924883
1.170506285
1.181956476923077
1.2183718571428572
1.1316806808510638
1.2496419462365593
1.1645054680851064
1.2009292926829267
1.2040102797619048
1.0764344700000001
1.213616744827586
nan
nan
1.1314100000000002
nan
nan
nan
nan
1.2293924600000001
1.1479759696969696
1.2301247037037035
1.2174712364864866
1.167126231707317
1.0822939890109893
1.114892186440678
1.3159955
0.8339810000000001
1.30371
1.38374
nan
0.993047
nan
1.4327933333333334
nan
nan
nan
nan
1.0461749999999999
1.0968614323144104
1.2126612117647058
1.1530294330708661
1.183858755
1.2134639137931036
1.2104311888888888
1.2027787911111112
1.167059063063063
1.23431535
1.173795098591549
1.179061
1.1904507034482756
1.2113471785714287
nan
1.1599910175438597
1.14629434375
nan
nan
nan
nan
1.19981724
1.1895824444444445
1.1581591360294117
1.1346768789808919
1.1412284516129032
1.109981887096774
1.2008741250000001
1.280595
1.0317062857142856
nan
nan
1.61071
0.899562
nan
0.453855
nan
1.1021
1.27162
nan
0.72205
1.1912636562499999
1.1587441711711712
1.270101075862069
1.1585020058823527
1.215552850649351
1.1878268586956522
1.2071077338709677
1.149864095505618
1.1866105753968255
1.1004899198113207
1.2219158083333332
1.2563817529411765
1.1477445855263158
1.1569577433628317
1.2167659213483146
1.1309364180790962
nan
nan
nan
1.2187374333333334
1.1287969266409266
1.2056603649635038
1.19002679389313
1.158857072815534
nan
1.200840328125
1.0789635744680852
1.1420614875
1.45048
nan
nan
0.9758884999999999
nan
nan
1.0287994999999999
1.1889976666666666
nan
nan
nan
nan
1.2069931999999999
1.0798925494505496
1.1519978827160495
1.1548052711864407
1.1591877699999997
1.2355704974358974
1.2269513404255314
1.2591161308411212
1.1934264206896552
1.195981958974359
0.8152325
1.2232326226415093
1.154828962962963
1.1708344649122804
1.182343155737705
1.1999289892473122
1.1498596451612904
nan
nan
nan
1.1331244960629925
1.163821109489051
1.177431988023952
1.1350914166666666
nan
1.2058126981132073
1.189687572815534
1.0983865402298851
1.0827577142857143
1.3905676470588235
1.078447289308176
1.19700825
nan
nan
1.15769
nan
nan
0.9714875000000001
nan
nan
nan
1.87382
nan
1.1810782857142856
1.1539557435897436
1.207269268292683
1.166205287671233
1.1418863045977012
1.1780786264150942
0.897342
1.89931
1.1763964829268294
1.1365107605633802
1.146995367647059
1.1693159034313725
1.0976659639639639
1.1138566564885497
nan
nan
1.1715183644859815
1.150189691275168
1.127337595505618
1.1704587291666668
nan
nan
1.188880620689655
1.1717210172413794
1.1080997182320442
1.128268487603306
1.221163125
1.0333636666666668
nan
1.0734267142857141
1.3432425
1.61689
nan
1.322479
1.0044357372881356
1.075699357142857
nan
nan
nan
nan
nan
nan
nan
1.1651333636363634
0.398618
nan
nan
nan
1.2150357999999999
1.034508
1.1105548846153845
1.1264624305555553
1.1361401061946903
nan
nan
nan
1.3658635000000001
1.0985359294871795
1.0880015436241612
1.0824287236842105
nan
nan
1.199008
1.1644850161290325
1.1579512592592591
1.1809651030927837
1.0268101764705881
1.21191
nan
1.427735
0.9755535
nan
nan
1.3420904545454546
1.04865068359375
1.1182844754098358
nan
nan
1.0394733076923077
1.478672
nan
nan
nan
nan
nan
1.75759
1.0995424
1.1627
1.1362603333333332
1.1163807964912282
1.0828641041666667
1.1738147074468086
nan
nan
nan
nan
1.1360233464052287
1.2287009451219513
1.0974879538461537
nan
nan
nan
1.4320016666666666
1.2667942
1.2140086344827585
1.0668491834061136
nan
nan
nan
1.26183325
nan
nan
1.2423917
1.0849730147783252
1.1323114858299594
nan
nan
nan
1.124353646017699
1.1126939385964913
0.770653
1.2293106000000003
1.25133325
1.19302314893617
1.1756529487179488
1.3506616666666666
1.2493796973684212
1.144881018957346
1.1366475945945946
1.154821349726776
nan
nan
nan
nan
nan
nan
nan
1.1154162597402597
nan
nan
nan
nan
1.2055135000000001
1.1040858258426967
1.1150759470588234
1.1473034285714285
nan
nan
1.120347
0.454379
nan
0.975011
1.1781456319018404
1.15095879
1.195330440329218
1.4000201999999997
nan
nan
1.1479098454545456
1.1755880315315317
1.2447952
1.2322929603174608
1.1488811174242424
1.2067899548387098
1.2296473666666665
1.1493872621359222
1.181911504
1.20861457480315
nan
nan
nan
nan
nan
nan
nan
nan
nan
nan
nan
nan
1.0462756397849464
nan
1.076712865284974
1.0325040568181818
0.96764675
nan
nan
nan
nan
nan
1.17513
1.1157288369501466
1.2154321944444446
1.1736978282828283
1.110704552416357
1.1491589999999998
nan
nan
1.163934514619883
1.1564054358974358
1.197042067669173
1.1647151828793774
1.2195838633093525
1.205051925
1.15708243
1.1977361824817518
1.1345230714285715
nan
nan
nan
nan
nan
nan
nan
nan
nan
nan
nan
nan
nan
1.1365996453488374
nan
1.1297359696969698
1.0637015714285716
nan
nan
1.1862956666666666
1.12863
nan
nan
0.902
1.2173190168067227
1.165750021978022
1.2566620468749998
1.1467865984848484
1.1920032654867256
nan
1.2311499999999997
1.145205808219178
1.1611518959537572
1.1744336836158191
1.1371252102803737
1.1884633802816902
1.1484179772727272
1.1268403458333334
1.1674731842105264
nan
nan
nan
nan
nan
nan
nan
nan
nan
nan
nan
nan
nan
nan
1.1390860607142859
nan
0.946342492753623
0.9937834999999999
nan
nan
0.883601
0.421935
nan
1.2098023333333334
1.211661678571429
1.1151030169491525
1.1554103359999999
1.1561352054054055
1.1032525609756099
1.2054285555555557
nan
1.3995962499999999
1.1669310833333333
1.2690408715789474
1.1694757403846152
1.1263891948717948
1.2101460731707319
1.1542604516129031
nan
nan
nan
nan
nan
nan
nan
nan
nan
nan
nan
nan
nan
nan
nan
0.8918933556962024
0.9555623451327432
1.2158561647058823
nan
nan
1.62358
1.8094
1.19074
nan
0.35632
1.1466313470319633
1.1993321363636364
1.2485288515625
1.2312776
1.13295535
1.1522676
1.1141657050359712
1.35983
nan
nan
nan
0.978154
1.1340936162790698
1.1791247142857142
nan
nan
nan
nan
nan
nan
nan
nan
nan
nan
nan
nan
nan
nan
nan
nan
nan
nan
0.9791647687861271
1.21425
nan
nan
nan
1.019698
nan
1.233594602739726
1.1497736136363634
1.2524347468354429
1.1487591727272726
1.1557134379084968
1.288527702479339
1.1222570875912408
1.2093440784313727
1.2468048571428572
nan
1.48547
1.0441281666666666
1.1120663636363637
1.1213402695652175
1.1585957500000001
nan
nan
nan
nan
nan
nan
nan
nan
nan
nan
nan
nan
nan
nan
nan
nan
nan
nan
nan
nan
nan
nan
1.159591
nan
1.31932
1.2231299999999998
1.1813402066115701
1.169027192488263
1.2176785683453237
1.2319404059405943
1.223624653846154
1.2176038518518522
1.1514454678899084
1.179743
nan
nan
nan
1.309083
1.0907611601941747
nan
nan
nan
nan
nan
nan
nan
nan
nan
nan
nan
nan
nan
nan
nan
nan
nan
nan
nan
1.087251347457627
nan
nan
nan
nan
nan
1.5560771249999998
1.260144314285714
1.1081676896551724
1.1883198764705885
1.155149665615142
1.2285733165467627
1.131071136904762
1.2058412096069868
1.1333398963414636
1.2273458554216867
1.2984433333333332
nan
nan
1.1648734271844658
1.22689314953271
nan
nan
nan
nan
nan
nan
nan
nan
nan
nan
nan
nan
nan
nan
nan
nan
nan
nan
nan
1.089784824468085
nan
nan
nan
nan
nan
1.2662276029411765
1.1285398079096045
1.2025057661691543
1.1436584586466165
1.1698907375886525
1.2676434692307694
1.2171002499999999
1.1874660040650404
1.2374135816993463
1.09278
1.52422
nan
1.122425
1.1514480219298249
1.1681749152542373
1.1532801851851853
1.20963265
nan
nan
nan
nan
nan
nan
nan
nan
nan
nan
nan
nan
nan
nan
1.1553226090225563
nan
1.0799044545454548
1.0907249228571427
nan
nan
nan
nan
1.437565
1.2003140107526882
1.1494184870689657
1.195495349593496
1.1759145663265307
1.1669685390070923
1.2099264210526315
1.2219504509803922
1.1638172297297298
1.1282845569620252
1.2262849999999998
0.547701
nan
1.2355359230769227
1.1518129701492537
1.235101625
1.2116563828571427
1.0478071224489798
nan
nan
nan
nan
nan
nan
nan
nan
nan
1.0820893043478264
1.0159198571428572
1.1507278655462183
nan
nan
1.1936317486338799
1.0981845728643216
1.2111256495726495
1.0880032030456854
nan
nan
nan
nan
nan
1.1414915795454545
1.1663491517857143
1.1605219336492891
nan
nan
1.2134462636363634
1.1433330747330963
1.1301990000000002
1.1645998086956524
1.5357933333333333
1.0873223333333335
1.166737870967742
1.1103593373983742
1.1376749162790698
1.0887148065843621
1.0942483948339483
1.1253808636363638
nan
nan
nan
nan
nan
nan
nan
nan
nan
nan
1.108525910614525
1.1079965181818183
1.14501825
1.1192363257575757
1.1340693850267378
1.2047762614379085
1.1010967291666665
1.2223521578947367
1.3342
nan
nan
nan
nan
1.1816109259259258
1.1722152671755726
1.1838324611650486
1.2140436258992806
1.2395233555555558
1.138259488
1.2084648378378378
1.141382195402299
1.2261410595238094
1.2329640612244899
1.0940239999999999
1.0931235
1.15987256684492
nan
1.1981537500000001
1.1743197047619047
1.1120217485714285
nan
nan
nan
nan
nan
nan
nan
nan
nan
nan
nan
1.1416022928176797
1.1816543456790123
1.227188523364486
1.1682932771084338
1.1383223820512818
nan
1.1921636451612903
nan
nan
nan
nan
0.941623
1.1281471674698798
1.192085710691824
1.2088122463768116
1.250043006097561
1.1390674481481482
1.1631614907407408
1.16512095
1.1688386556291392
1.1275467319587626
1.121437818181818
1.2374958720930231
1.175818435483871
1.1339390466666666
nan
nan
nan
1.1226797192982456
1.0782193076923077
nan
nan
nan
nan
nan
nan
nan
nan
nan
nan
nan
nan
nan
1.16127724
1.184439471264368
1.2180347553956834
1.079727012658228
nan
nan
nan
nan
nan
1.1845613714285714
1.1702124352331607
1.1896543260869565
1.1355563782051281
1.1859269269406392
1.1804649333333335
1.29404784057971
1.111397115
1.1602411864406779
nan
nan
nan
nan
nan
nan
nan
nan
nan
nan
nan
nan
nan
nan
nan
nan
nan
nan
nan
nan
nan
1.1420241926605503
1.1524566730769232
1.2055137981651374
1.1693698333333333
1.114399547368421
0.796905
nan
nan
nan
1.92172
1.2673249230769232
1.1650309817351596
1.1603340578034682
1.2779631333333334
1.1466742427745662
1.134321474025974
1.1964100947368421
1.2081386436170214
nan
nan
nan
nan
nan
nan
nan
nan
nan
nan
nan
nan
nan
nan
nan
nan
nan
nan
nan
nan
1.1984738060606064
1.1294905297029705
1.1327247974683545
1.159998794238683
1.1594420690909093
1.1315242589928056
1.1893845128205127
nan
nan
nan
nan
nan
1.0487004999999998
1.1860755287356324
1.147072768707483
1.2124518161764704
1.1812247083333332
1.1791329217391304
1.123093308
nan
nan
nan
nan
nan
nan
nan
nan
nan
nan
nan
nan
nan
nan
nan
nan
nan
nan
nan
1.094218412371134
1.0713005185628741
1.1550138940092165
1.1643575030674846
1.1935353046875
1.248301
1.2854745
nan
1.8318
1.4989724999999998
1.22326
nan
nan
nan
0.9867808333333333
1.0742190211453744
1.2535763902439025
1.142451369294606
1.3490225
1.164901565891473
1.2226736562499998
nan
nan
nan
nan
nan
nan
nan
nan
nan
nan
nan
nan
nan
nan
nan
nan
nan
nan
0.7712298000000001
1.127997081818182
1.11201642
1.1445287333333332
1.1543317326732672
1.1790910800000003
1.210679670886076
nan
1.30209
nan
1.5351075
nan
nan
nan
nan
1.3392285
1.0458796666666668
1.0950686363636362
1.168108142857143
1.1113163529411765
1.1461653718592963
1.198123005263158
1.1479717062146892
nan
nan
nan
nan
nan
nan
nan
0.9464307669491526
nan
nan
nan
nan
nan
nan
nan
nan
nan
nan
nan
nan
nan
1.149527188034188
1.139086201923077
1.127713164021164
1.1337275396825401
1.0549654615384614
nan
1.1109256052631578
1.38771
0.441472
nan
nan
nan
nan
1.271538909090909
1.1572597623762375
1.115958188118812
1.1937290294117648
1.1303319183673468
1.0963664100719424
1.1360477848101267
1.189330311827957
nan
nan
nan
nan
nan
nan
1.0922810200000002
1.1745778723404257
1.2042110813953488
nan
nan
nan
nan
nan
nan
nan
nan
nan
nan
1.2474916999999999
1.2214133225806452
1.146547213483146
1.40301675
1.0305365
0.9641284999999999
1.1241697243589746
1.4485201428571428
nan
nan
nan
nan
nan
1.2408314117647057
1.183222895604396
1.1036121138790036
1.1273542146341462
1.1545647486910995
1.151013325443787
1.1512056464646465
1.1849835338983048
nan
nan
1.1542138448275863
1.0968808680203046
nan
nan
nan
1.1523478379166667
nan
nan
nan
nan
nan
nan
nan
nan
1.1898399894736844
1.1428066301369864
1.1462315279999997
1.1288621
1.1294964767441862
1.1480874444444444
1.2110049999999999
1.1258333333333335
1.0722181818181817
1.1706748083832337
1.1121390277777778
0.7678735
1.30547
nan
nan
nan
1.78676
1.1710781176470586
nan
nan
1.5205600000000001
1.4941233333333335
1.2791708333333334
1.087013494163424
nan
1.1525176741573033
1.1883978
1.1378431886792453
nan
nan
nan
1.117064243243243
nan
nan
nan
nan
nan
nan
nan
nan
nan
1.137106356828194
1.1525272822085888
1.129595223076923
1.0251985555555556
1.36881
nan
1.2048528245614034
1.0041342248803828
1.1163449036144577
1.0938017807017544
1.1324652
1.1432605
1.4096223333333333
nan
nan
nan
nan
1.80941
1.2789485
1.240565088
1.1305967803030301
1.2049397777777777
1.1834301573033705
1.1826286137931035
1.125179939102564
1.198360052631579
1.1710304594594596
nan
nan
nan
1.226854366197183
1.0791655434782608
nan
nan
nan
nan
nan
nan
1.1648102666666666
1.2077885298507463
1.1270754732142856
1.1796815827338127
1.125055
1.5772925
nan
1.184977106741573
1.1587595745856354
1.1776784285714286
1.1272135243902437
1.1816967532467533
1.1446391094890511
1.1786136846846844
1.211772
1.111283
nan
nan
nan
nan
1.041917951724138
1.1514998297872339
1.1439385833333333
1.1803950833333334
1.1662915825688074
1.2762802584269661
1.183883953846154
1.1336458448275861
nan
nan
nan
1.162466886956522
1.1810151545454541
1.1176652480620153
nan
1.1852475739644972
nan
nan
1.1237841595744682
1.2091222967032966
1.1539219863945578
1.0895173803418803
1.1786838367346937
1.1499222727272729
1.0856512727272727
1.106785
1.2489541750000002
1.1425658722222223
1.1944255714285714
1.0439472533333332
1.1592545757575758
1.1231231798941799
1.0990686198347108
1.126765732535885
1.1918163260869565
1.3101233333333333
1.00051
nan
nan
nan
0.9346730000000001
1.2044201652892563
1.1479947403846154
nan
1.168004801935484
1.2409529369369368
1.1633735257731959
nan
nan
nan
nan
1.1605730888888888
1.1060603378378377
1.1593714047619048
nan
1.1720794805194805
nan
nan
1.1853400256410256
1.1299385321100919
1.2481662285714286
1.1898268461538462
1.2030964615384616
1.3690315
1.7005225000000002
1.2284213962264154
1.1358795180180181
1.2248313962264152
1.1725914166666667
1.116427106918239
1.1904888832116787
1.1578309363636363
1.133460294520548
1.1041079709302326
1.16887426875
nan
1.0254325
1.3144205714285715
1.0857395
0.884152
nan
0.8383615
1.2430338894009214
1.1537821639344261
nan
nan
nan
nan
1.1439703037037037
1.1590768540145986
nan
1.240790625
1.1661743227513228
1.1836781774193543
1.1488618333333334
1.2250390544217686
nan
nan
1.214752173076923
1.2007641315789472
1.1405287710843375
1.4610356666666666
nan
1.2811165
1.176216423529412
1.0740468599033817
1.209540865248227
1.245262236363636
nan
nan
1.1351378757763975
1.2540870138888889
1.2168640166666667
1.147031494117647
1.1625034444444444
1.7789350000000002
1.43799
1.1353559908256883
1.059366918079096
1.0694101532258065
1.371545
1.2579906666666667
0.9294025
1.0888227518518518
1.130401090909091
1.2168844942528736
nan
1.2415165597014926
1.1424447839999998
1.1857721714285714
1.2378404925373132
1.2225356082474228
1.1654889372197308
1.222804418918919
1.1913716630434783
1.2241064302325582
nan
1.2497484878048781
1.0722342105263158
1.1926155168539327
1.2999921304347826
1.3028266666666666
1.2322333333333335
1.192410596385542
1.138925894117647
1.1817307717391305
1.156184245398773
1.068328883561644
1.1989834558823529
nan
1.1498102969924815
1.1153443710424709
1.1815038260869566
1.193565
1.3890814285714286
nan
1.3323222857142858
1.1676882845528456
1.1924236153846155
1.1467282258064517
1.1933786446280992
nan
1.45056
1.2048197954545457
1.118175607142857
1.193888507246377
1.2356063456790123
1.193741
1.2372536764705884
nan
1.1832258834951455
1.1917426290322581
1.1650252173913045
1.2092004541062802
1.1762332453987732
nan
1.1991828260869566
1.1633450387096773
1.1530871125827815
1.2181699333333333
1.434979625
1.4522366666666666
1.273726859649123
1.1624076035714286
1.1560577252747253
1.1284446709956708
1.1061914625
1.0606418955823294
1.1764988492063493
nan
1.1335599222222221
1.176414851851852
1.1064466666666666
1.2394343222222222
1.183048132231405
1.55798
1.331106
1.0811011530546624
1.1387617090909092
1.1338561655172414
1.1882357368421053
1.02827
1.3856925
1.53092
1.1712225555555555
1.1700491209677417
1.1754311463414635
1.181726390625
1.1076028076923077
1.0956174485981311
1.1541252945736433
1.2462881666666665
1.2420199416666664
1.1479061756097562
1.2550903761467889
1.1866699237288139
1.147589808219178
1.1182058037974683
1.1860468235294117
1.45672425
1.217589
1.258914455882353
1.152250031007752
1.1435843304347828
1.1801850980392157
1.1593094193548388
1.1712735899280575
1.160070582905983
1.121065754237288
nan
1.1331959889502765
1.296325419354839
1.1934782391304348
1.1835089416058395
1.6371633333333335
1.49205
1.1966009299999998
1.1761098639053253
nan
1.1959650089285714
1.1835860851063829
1.1407075786802032
1.1251730666666666
1.46216
1.3162152142857144
1.2931496111111107
0.97861
1.1686999743589743
1.1943661487804877
1.195956175531915
1.177333875
1.2062557846153845
1.2140647777777778
1.2225687764705881
nan
1.2318891965811969
1.1522181164021164
1.1588752914285714
1.2903035
0.8607786666666666
1.2447625172413794
1.223751092857143
1.1577988280254776
1.1805935828877006
1.1959570481927713
1.2257600841121499
nan
nan
nan
nan
1.1625830208333332
1.1672396263157896
1.1856478972602742
1.1527814634146343
1.0991912000000001
0.8563985
1.2255752893203884
1.2067265654761903
1.2146469487179488
nan
nan
1.2338531282051284
1.1452107732793524
1.094740394160584
1.1700856444444443
1.1187248585858585
1.1823556280487804
1.1635645563909776
1.1510935070422537
1.1629283393939394
1.2235993103448275
1.1993763128318586
1.1637208967391304
1.1966259587628867
1.1945057844827582
1.1750492727272728
1.1910322822085888
1.239531426966292
0.92092
1.0268018333333333
1.203031711111111
1.164968889447236
1.2246454523809525
nan
nan
nan
nan
nan
nan
nan
1.1004016476510068
1.1327480632183908
1.1251772107843139
1.27596
1.63413
1.3345623076923077
1.2874976833333336
1.172376514084507
1.1824954344827585
1.256127701298701
nan
nan
nan
nan
1.1753206789473685
1.153010631840796
1.1593103333333332
1.1381107862595419
1.1710436315789474
1.1945033133640552
1.1402532073170732
1.1390806994818654
1.1796670444444446
1.1620755187165774
1.2189200416666666
1.1581655947136564
1.2643169029126213
1.0258123333333333
0.9897983333333334
1.1779606043956046
1.1414177734375
1.208466201388889
1.1908933503649635
1.217377924731183
nan
nan
nan
nan
nan
nan
1.0373867027027024
1.1816538981481481
1.1621007219101123
1.0979334545454544
1.2155080639999996
1.1506567329192545
1.1590343818897637
1.2087637873303168
1.1697878370786519
1.14330055625
1.1815130818181818
nan
nan
nan
1.0806624347826086
1.2084558869565218
1.207730757352941
1.2423109058823527
nan
1.182031479768786
1.216003532894737
1.203062671875
1.206346487951807
1.1977810789473684
1.163854354679803
1.1977636666666667
1.255084846153846
1.2101868333333334
1.2179561086956523
1.1273231538116593
1.1863203550295858
1.1728565607476635
1.1711624239130436
1.202165325
1.21401275
nan
nan
nan
nan
nan
1.1791155555555555
1.2095877882352941
1.2105357478991594
1.21185425
1.1732305503401361
1.1560239025974024
1.2102275390070922
1.154398803088803
1.2049198120000002
1.171990357894737
1.1554205298507463
nan
nan
nan
nan
nan
nan
nan
nan
nan
nan
1.1964308135593222
1.2271226187500002
1.1876595846994535
1.1807758703703704
0.8197196666666665
0.998788
1.2063886850393701
1.1878173694581282
1.151889798816568
1.2233607553648067
1.2166975301204817
1.1477078775510203
1.2249138352941176
1.2482944285714288
nan
1.1220135934065936
nan
nan
nan
nan
1.1829559575342468
1.1609457612903227
1.348204
1.147522300813008
1.1739441
nan
1.1622505288461538
1.1539545755395686
1.1738625106382978
1.2412299411764705
nan
nan
nan
nan
nan
nan
nan
nan
nan
1.2190319758064516
1.207630275229358
1.1927339262295082
1.158631574468085
1.248746732620321
1.2014424560000003
1.215025988095238
1.2027756011904762
1.2170238934707904
1.182014692857143
1.2779245283018865
1.0716109790419162
1.1277431726618703
1.155607090909091
1.103380136904762
0.9685270597014922
nan
nan
nan
nan
nan
1.1477100091743118
1.2376978217054264
1.217550014084507
1.2467765670731707
1.2265151560283687
nan
nan
nan
nan
nan
nan
nan
nan
nan
nan
nan
nan
nan
1.11406868
1.0838240404040405
1.111028878504673
1.24188425
1.2018008125
1.1916683603960396
1.213459043283582
1.1703024362745098
1.1488628671052632
1.1649260581395349
nan
nan
1.296603024390244
1.1779785945945944
1.2024829248120301
nan
1.1923517111111113
nan
nan
nan
nan
1.1149426524822694
1.1376884977168948
1.1978639461883407
1.1857217159763316
1.1735876444444444
1.1148741761363636
nan
nan
nan
nan
nan
nan
nan
nan
nan
nan
nan
nan
nan
nan
nan
1.1759709490445858
1.2087839173553718
nan
1.2513715542168675
1.2365979683544304
1.2160896060606061
1.2105079264705882
1.1862000131578947
1.205317974025974
nan
1.1831886875000002
1.2213116499999999
1.2286467403846155
nan
nan
nan
nan
nan
nan
1.288733198019802
1.1843881754385963
1.1241897859296481
1.1802719999999998
1.1423722207792208
1.2032447391304348
1.2198954262295083
nan
nan
nan
nan
nan
nan
nan
nan
nan
nan
nan
nan
nan
nan
1.1885793797468356
1.1299235247524753
nan
nan
nan
1.16033619
1.1600371533333333
1.2591625784313727
1.1971544285714284
nan
1.289611590909091
1.212559196969697
1.1249450399999996
1.1494342955974846
nan
nan
nan
nan
nan
1.1566035641025643
1.1466962340425533
nan
1.1954493522012577
1.1316155833333335
1.171742090909091
1.1694097310344829
nan
nan
nan
1.046517603448276
1.1617810782608693
nan
nan
nan
nan
nan
nan
nan
nan
1.174555672413793
1.2510779072164948
nan
nan
nan
1.1834670074626865
1.161674335106383
1.266283162790698
1.1783649
1.2315831363636363
1.1588780266666667
1.1713418301886793
1.1743295
1.1595996551724137
1.2142122424242425
nan
nan
nan
nan
nan
nan
nan
nan
1.1742554728682169
1.1898824936305732
1.1492478630136986
1.243696858064516
nan
nan
nan
1.0751135058823529
1.0429327685950414
1.1331527555555554
nan
nan
nan
nan
nan
nan
1.1521662596153848
1.1455276516393447
1.1859197157894734
nan
1.223293234042553
nan
nan
nan
1.1142481770833335
1.1409893109243694
1.1793638878504673
1.266305873873874
1.145547890410959
1.1647456910614524
1.2233163709677422
nan
nan
nan
nan
nan
nan
nan
1.194106907142857
1.2890853434343434
1.18046827027027
1.145181948051948
nan
nan
nan
nan
nan
nan
1.1718320666666666
1.1384048082901554
1.1402907244897962
1.0730834358974362
1.1182649583333335
nan
nan
1.236140370967742
1.1428428159203978
1.1158388430232558
1.147987128834356
1.219338349206349
1.1401121111111112
1.109208288888889
nan
nan
1.2521577222222222
nan
nan
1.1274136129032257
1.2304018795180722
1.1461985667752443
1.18051461875
1.1673064210526316
nan
nan
nan
nan
nan
nan
1.0835783655172415
1.1292740052910053
1.142974936936937
1.221071297297297
1.119993936708861
nan
nan
nan
nan
nan
1.145733447761194
1.1658162439024389
1.0871277622950821
1.1048362295081968
nan
nan
1.1952535321100914
1.0974055396825397
1.0802297438423645
1.1658437210144927
1.1952477268722468
1.125276536796537
1.1520295342465754
nan
nan
nan
nan
nan
1.2142546034482757
1.1586467396449704
1.1943137006802722
1.1425380769230769
1.1805556732673268
1.201520673267327
nan
1.1148996585365853
nan
nan
nan
nan
1.0665586629213484
1.1298701683501684
1.1015851338983051
nan
nan
nan
1.0254303255813952
0.9797152205882352
1.0396860756756756
nan
nan
1.1724744369747895
1.1437385423728812
1.099964453416149
nan
nan
1.1454664825174825
1.1594044313725493
1.1431800636363636
1.1382403779069767
1.1599955118110232
1.0656909324894515
1.1211742222222223
nan
nan
nan
nan
1.0365628434782608
1.1416369829545454
1.156731048048048
1.1595833220338982
1.1622913492822966
1.160272
nan
nan
1.1268571739130435
1.0865982608695655
nan
nan
