nan
2.33702
nan
nan
nan
nan
2.0335799999999997
nan
2.0344783333333334
1.792291
nan
nan
nan
nan
nan
nan
1.65007
nan
nan
nan
1.67913
1.8161131818181817
1.579999663934426
1.6933842862745099
1.7003886642857144
1.6854440162601627
1.6691029766666665
1.688385201438849
1.747411199680511
1.7886564189189191
1.794530351724138
1.8174395999999997
1.6527848146551725
1.715017872727273
1.852065158415841
1.821577827027027
1.7643311534653467
1.7721975675675672
nan
nan
nan
1.10197
1.4990766
nan
nan
nan
nan
nan
nan
nan
nan
nan
1.8297249999999998
nan
nan
nan
nan
2.01000125
2.0787471428571425
nan
1.53117
nan
1.46076
1.7549511814345988
1.7298775674603175
1.754882765217391
1.7690076529850742
1.8181086050724637
1.8140760035175878
1.8262742307692308
1.8617649108910892
1.7200689929328623
nan
nan
1.7653083006535948
1.737621967479675
1.783544174556213
1.7554337507987219
1.771244467336683
1.8544689435028248
1.8456881555555555
nan
nan
1.75438
nan
nan
nan
1.7580133333333334
1.1637375
1.6261
nan
1.7029499999999997
nan
nan
nan
nan
1.55108
1.7552975489130436
1.7895673284671534
2.22915
nan
1.900901
nan
2.10176
1.9411053389830508
1.725133032846715
1.7901664713804715
1.8823040558375634
1.7901292727272726
1.7682971858552634
1.8042920918918919
1.6854525837837837
nan
nan
nan
1.7305328258461539
1.893770617647059
1.6757508955916474
nan
1.8165101707317073
nan
nan
nan
nan
1.906034
1.7771098000000003
2.23834
1.11314
nan
2.64357
1.7231346666666667
2.2126859999999997
2.15064
nan
1.41012
1.7147000000000001
1.9570385714285712
1.744570018691589
1.8288062929687499
1.7897064451612903
1.8138477288135595
1.470256
2.1786572727272726
2.26642
0.626509
1.6866338309859155
1.7331167103825138
1.7711078204225355
1.7873105804597702
1.6973750575757576
1.8114093472222221
1.8471793540669854
nan
nan
1.723520710227273
1.7703847231527092
1.7140504783783783
1.8629816815642455
nan
1.7346979652777779
2.0895766666666664
1.512765
1.9136391249999998
2.0596066666666664
1.737247147928994
1.5763867228070176
1.139151
2.05443
nan
nan
2.67568
nan
nan
nan
nan
2.0543649999999998
1.3841395
1.38936
1.7545210840336136
1.7458437613065325
1.7526369523809529
1.832136037735849
1.781336625
1.8750044930555552
2.251129444444444
1.8813053571428573
1.775427355329949
1.7891485563909775
1.7605225500000001
1.8839802033898305
nan
nan
nan
1.9213127567567565
1.7547744250000001
1.670306449477352
1.7796263519313305
nan
nan
1.7253835210084034
2.0412114285714287
2.0547
1.8953800000000003
1.8175671041666668
1.7421182814814815
1.99553
1.8214281545454547
1.6178177297297296
1.8624899999999998
2.0102
1.474467
1.9359600000000001
1.8553849999999998
nan
nan
2.2782512500000003
1.8184381666666667
1.889421777777778
1.7841476341463414
1.7794411647590362
1.8239733209876543
1.8240585416666666
1.7414471333333335
1.7946462333333335
1.8782978140495867
1.8639655804597701
1.8367743214285714
1.790299588785047
1.8975060346820807
nan
nan
nan
nan
1.7495527
1.711352581967213
1.838931477124183
nan
nan
1.7765360677083333
1.748507659090909
2.0679825000000003
1.8956153478260866
1.7915068904761906
1.7995503074074073
1.8124860833333332
1.8700545800000001
1.6169451489361701
1.759084130653266
1.5753125
nan
2.09882
nan
2.23146
3.03695
nan
1.731594
1.7930916125
1.7396320111731844
1.7586156796116503
1.8633506511627909
1.824789672222222
1.8092928649289097
1.8395029775280896
1.8059889098360655
1.8316681959459458
1.8205866243243243
1.8614600053763437
1.8034331725490196
1.8837179471153844
nan
nan
nan
1.7261518679245285
1.803822905882353
nan
nan
nan
nan
1.7468170378006873
1.8045469544159545
1.79092
1.8587065945945949
1.881025838888889
1.8834059999999997
1.7943990795454545
1.7453323619047618
1.840420660130719
nan
nan
2.2297450000000003
1.67607
2.0917199999999996
nan
nan
1.05217
1.817720814479638
1.7963316175298805
1.7556046283185842
1.764414502538071
1.8705577352024922
1.850759060240964
1.8557768641379309
1.8296852276119402
1.7511190491582493
1.9241159208633094
1.8390932329317269
1.805851267281106
1.719319497593583
1.7710968511749345
1.78021290647482
nan
nan
nan
nan
nan
nan
nan
1.7810298466911765
1.7214979696969697
1.737906216606498
1.60063875
1.759625514423077
1.762402904651163
1.7680746848708488
1.7695549134078215
1.8288640099999998
1.9268666666666665
2.1831565
nan
nan
2.30603
2.67402
nan
nan
1.8730914831460674
1.7590930265486726
1.8326691732283467
1.7649131992619926
1.8345164585365854
1.8604332746781116
1.8024382387096773
1.8281114474708173
1.7532773088685016
1.8068370903954802
nan
1.829938791044776
1.854783377142857
1.8297943162393162
1.8087733973509932
1.7531920298507462
nan
nan
nan
nan
nan
nan
1.7752338140703516
1.7989660248962653
1.8479326942148762
1.8561614761904761
1.8230636
1.7460253088607594
1.8108922490118577
1.7466073036303633
1.75524129
1.72282004
1.5940472
1.8413519999999999
nan
nan
1.40475
1.7935866666666669
2.39028
2.047086363636364
1.7581040000000001
1.9975749999999999
1.835255
1.8701945849056605
1.7686353977695168
1.7933628201058203
1.7908461743119266
1.8367685913043479
1.9436112
1.8317330974025976
1.7833225522388056
1.8607418428571425
1.7356858778625952
nan
nan
nan
nan
nan
nan
nan
nan
nan
1.877968093137255
1.738695381974249
1.8041012300884953
1.8619971699470899
1.792503611111111
1.7635029999999998
1.7453889504950493
1.8937678461538463
1.80026
1.85769
1.9883328571428571
nan
nan
1.5604453999999999
nan
nan
nan
1.34744
nan
1.9974250000000002
1.7850912658227847
1.8526300615942028
1.7722438816326531
1.8366790310880827
1.8214742135922333
1.8341630359281438
1.854949182320442
1.8632838391608395
1.799363625
1.8209085846153847
1.8023985518394652
1.7541542142857143
nan
nan
1.8313565655737707
nan
nan
nan
nan
1.7440662558139535
1.783309483985765
1.6607672411764705
1.8075173465346532
1.7682870317757011
1.785759295
1.7505418356164384
1.483525142857143
2.4023525
nan
2.1058850000000002
nan
nan
1.3559
nan
nan
nan
nan
nan
1.91475
1.8120491740614333
1.7688788581818182
1.786957586666667
1.8133098339100349
1.8282119209486167
1.7700492150170648
1.801543294719472
1.837810802816901
1.925073342857143
1.7513513583617746
1.7766878574610243
1.7687045555555556
1.823544866028708
nan
1.801807423529412
1.8244840070921986
nan
nan
nan
nan
1.7937679489795917
1.8153840102040817
1.7949271896551722
1.8482135197368421
1.874146
1.8325462200000004
1.7511979999999998
1.81793325
2.0159860000000003
nan
nan
nan
2.864855
nan
0.977465
nan
1.8340800000000002
1.678838
nan
1.58684575
1.758682107142857
1.8157470255102044
1.760377021212121
1.8561341279069767
1.9000025046296298
1.8090066193771626
1.83508679261745
1.8029292619047619
1.8321918900804288
1.8470754430769227
1.8606216504629631
1.785898659305994
1.751958896551724
1.6884305602409642
1.7272884555555557
1.6555661889763778
nan
nan
nan
1.8251604396135261
1.8446007158273385
1.7371604213483147
1.842721510460251
1.7362822038834953
nan
1.7789915128205127
1.7338604318181816
1.7771704900398406
1.8174499999999998
1.6430325
2.30144
1.8840533333333334
1.27996
nan
nan
1.4602975
nan
nan
2.30958
nan
2.036117647058824
1.7767654545454548
1.8000827990867578
1.8221065767195765
1.8124781259541987
1.7927548225352112
1.853141365269461
1.7708681628664495
1.8809665469255663
1.8156178117154809
1.6695846666666665
1.8866041567796608
1.764387822005571
1.7840551495327102
1.7445507608069166
1.7628758489208631
1.6681635581395349
nan
nan
nan
1.7867952046783626
1.794028792727273
1.7819503354037267
1.8398983401015228
nan
1.6595809221789883
1.7010956321070236
1.7158740541310542
2.035573125
1.77897625
1.4749080749999999
1.9342916666666667
nan
2.20172
nan
nan
nan
1.4697531666666668
nan
nan
2.0528625
2.12197
nan
1.829778095238095
1.822613225225225
1.7410208895705526
1.7080014457364339
1.7139148771929824
1.7982640381355932
1.8157293333333335
1.8016001428571424
1.7770289596774191
1.7596767296511628
1.7680409892473117
1.7612600282485875
1.7823564406779657
1.8219137352941175
nan
nan
1.755944675862069
1.7058112261072262
1.769734732394366
1.7046332101910828
nan
nan
1.6592601953125001
1.8201850476190478
1.7840979467680609
1.769590153846154
1.8324106605263155
1.765149307692308
nan
2.27744
1.42105
1.70675
nan
2.01912
1.5604786249999998
1.7551324357541902
nan
nan
nan
nan
nan
nan
nan
1.8465894117647057
nan
nan
nan
nan
1.6152959999999998
1.208315
1.8556174857142855
1.8051199947368421
1.706641029661017
nan
nan
nan
1.7864774976744187
1.7514306127413128
1.8183901666666666
1.8239059487179485
nan
nan
2.051690909090909
1.7761300389610388
1.7757514647887322
1.7141135148514852
1.7059671781818182
1.69910425
nan
1.7592651935483872
1.8019100000000001
nan
1.20596
1.96144
1.7610039365079364
1.7551945248226952
nan
nan
1.78346
1.6563144444444444
nan
nan
nan
nan
nan
1.37196
1.9679471428571425
nan
1.9640499999999999
1.7208635931372551
1.7313135552407932
1.7149070703125
nan
nan
nan
nan
1.8100501129943503
1.7168826390243899
1.7520787938931295
nan
nan
nan
1.6691775
1.665168
1.7952854302788845
1.710966476683938
2.44298
nan
0.530673
2.009701666666667
nan
nan
1.902105652173913
1.5990978995983938
1.8206695130890054
2.76447
nan
nan
1.813185272463768
1.8711671560283691
nan
1.7330445555555558
2.0083128571428572
1.7872935823529414
1.8313290434782614
1.7979083125000002
1.7266182917874398
1.6641005824175825
1.662657408866995
1.6977401010638298
nan
nan
nan
nan
nan
nan
nan
1.6858323743315509
nan
nan
nan
nan
1.8924474999999998
1.6714543040540542
1.7367547100000003
1.755948
nan
1.71121
2.18302
nan
nan
1.7152233333333333
1.7061824705882351
1.7646739209039548
1.798205644628099
1.7257721538461537
nan
nan
1.7750707157894738
1.8415683975903616
1.7466242518891688
1.768749191066998
1.8263674926108375
1.8197108872651357
1.7857101416666665
1.7496753636363638
1.7015584849397587
1.792546317647059
nan
nan
nan
nan
nan
nan
nan
nan
nan
nan
nan
nan
1.918261775510204
nan
1.724676133663366
1.5762413129973472
2.39078
nan
nan
2.69438
nan
nan
2.4025925
1.6363303509933775
1.8609649279661018
1.7785547286245353
1.7602841575091575
1.7599616153846152
nan
nan
1.7854651731843574
1.7599279779874215
1.7988396411149825
1.8222772167832164
1.79557717122807
1.8550017677725121
1.8325814591999998
1.7262439470899473
1.7825172328767123
nan
nan
nan
nan
nan
nan
nan
nan
nan
nan
nan
nan
nan
1.4225658059701494
nan
1.6355661829787234
1.9729631111111108
nan
nan
nan
1.47453
nan
nan
1.9876399999999999
1.7979612131487888
1.7809113051948056
1.7989294444444444
1.8030119370629367
1.888438568421053
nan
1.6291600000000002
1.82164457751938
1.72827603125
1.7815799628099172
1.777373391891892
1.7739336756756756
1.8353849688581314
1.8419111222707423
1.7883408767932492
nan
nan
nan
nan
nan
nan
nan
nan
nan
nan
nan
nan
nan
nan
1.5888266979166668
nan
1.8945186500000002
1.6921249999999999
nan
1.9754460000000003
2.35454
nan
nan
2.1551255555555553
1.832344011627907
1.834739856060606
1.8136745709342563
1.6733760670731708
1.7808590068259382
1.853581723502304
nan
1.7954714285714284
1.8474197280701754
1.813582183006536
1.850822140562249
1.8360177595628417
1.829527220883534
1.7643000669144981
nan
nan
nan
nan
nan
nan
nan
nan
nan
nan
nan
nan
nan
nan
nan
1.6930602723004695
1.577273278106509
1.6997056739130432
2.015801666666667
nan
nan
nan
1.74263
nan
1.9180800000000002
1.7428176656534955
1.8247138454545455
1.8119879590443688
1.8417502995594712
1.8515714771573606
1.8408376820276497
1.82403807266436
1.89531
1.5540575
nan
1.4317535
2.0075950000000002
1.7532142113207547
1.7426407653846152
nan
nan
nan
nan
nan
nan
nan
nan
nan
nan
nan
nan
nan
nan
nan
nan
nan
nan
1.7691962553191487
nan
nan
nan
1.5317833333333333
nan
1.390255
1.836306612244898
1.8123571584158416
1.7223256690647484
1.849408547368421
1.8837589496124032
1.8796500536912752
1.7920617508090615
1.7563989791666668
2.0349076923076925
nan
nan
2.043265
2.083426
1.7251927797833935
1.721557206896552
nan
nan
nan
nan
nan
nan
nan
nan
nan
nan
nan
nan
nan
nan
nan
nan
nan
nan
nan
nan
nan
nan
2.34791
nan
1.9518699999999998
1.6968966666666667
1.823591925
1.683962731034483
1.7814453875000003
1.8530262830188677
1.839108039215686
1.8184839038461535
1.8085000088105725
2.0042883333333337
1.7247266666666665
nan
nan
2.1020754545454547
1.740807010067114
nan
nan
nan
nan
nan
nan
nan
nan
nan
nan
nan
nan
nan
nan
nan
nan
nan
nan
nan
1.7756445760869564
nan
nan
nan
nan
1.79492
1.832395291666667
1.7515504838709677
1.7005832619808305
1.8128244398625426
1.8666697460815045
1.8062684578313253
1.856150618677043
1.8449346937984497
1.8021207846153846
1.962040364583333
1.82669
nan
nan
1.7886854388888886
1.73587693697479
nan
nan
nan
nan
nan
nan
nan
nan
nan
nan
nan
nan
nan
nan
nan
nan
nan
nan
nan
1.7554320597014927
nan
nan
1.86363
nan
1.8598880000000002
1.8001402787878789
1.7446488595238094
1.8686853549407116
1.7727800802139038
1.8493560551724135
1.8283885907172996
1.768261531120332
1.8216996598360657
1.8270223312101908
1.35267775
2.4255700000000004
nan
nan
1.767132259259259
1.8033436704119852
1.82053563546798
1.7459598902777778
nan
nan
nan
nan
nan
nan
nan
nan
nan
nan
nan
nan
nan
nan
1.7415834969325152
nan
1.7771186286384981
1.6728644299674267
nan
nan
nan
nan
2.40855
1.8921512264150944
1.7575310213675213
1.837266924324324
1.7886419076086955
1.8444523669064752
1.8254755482625482
1.7982080867346941
1.7788370338345865
1.9876124255319148
2.0446660000000003
1.71578
1.65698
1.7684396818181822
1.8450485612903227
1.9129720602409634
1.7164399093023257
1.7432980866141732
nan
nan
nan
nan
nan
nan
nan
nan
nan
1.3820907844827588
1.6495368740157486
1.6633501748633883
nan
nan
1.8113318432432428
1.774405351604278
1.7342227606177605
1.8276968116883117
nan
nan
nan
nan
2.5107
1.792544882352941
1.8405478514492752
1.7951730976430977
nan
nan
1.7696671841004183
1.815129862275449
1.7484944886363638
1.8078566488095238
nan
1.34656
1.7488207744360902
1.7629979458333334
1.779187871485944
1.820888514619883
1.7384574336734695
1.900874631578947
nan
nan
nan
nan
nan
nan
nan
nan
nan
nan
1.7766465655737707
1.7463425670103097
1.7987536225165563
1.6860126910569104
1.7656959371428573
1.8777931719512198
1.7871588835341365
1.6777912210144927
nan
nan
nan
nan
2.09299
1.78390718627451
1.8036337088607592
1.81895532460733
1.765166705882353
1.8393274931506847
1.825642497925311
1.7906834914285719
1.7862430557275537
1.893592633362832
1.9077710918367348
1.732510611111111
1.8180780042372882
1.731701426229508
nan
1.8008744536585366
1.7669503375527424
1.7517206481481482
nan
nan
nan
nan
nan
nan
nan
nan
nan
nan
nan
1.819969864
1.7966557858823529
1.8039120209790211
1.923843159090909
1.8214244895833334
nan
1.8859949115044248
1.518778625
nan
nan
nan
1.75821
1.8259084925373135
1.7541314129909367
1.8382023687943265
1.8174758686868688
1.8020060259740258
1.7967412255892254
1.7795018262548261
1.7952658802992518
1.7446327949790796
1.783526962025316
1.8116203211382114
1.718836942760943
1.7138731553030304
nan
nan
nan
1.6615402413793106
1.719539870967742
nan
nan
nan
nan
nan
nan
nan
nan
nan
nan
1.96125
nan
nan
1.828743205128205
1.792313318032787
1.8372309349112426
1.7894864533333334
nan
1.55149
nan
nan
1.04039
1.724214857746479
1.8609505862068965
1.7989152524752476
1.8311792360742707
1.795874286644951
1.8162890737704918
1.8160387138728322
1.7370525399239545
1.7371284725274727
nan
nan
nan
nan
nan
nan
nan
nan
nan
nan
nan
nan
nan
nan
nan
nan
nan
nan
nan
nan
nan
1.8464643642857144
1.7881232
1.7670638042328042
1.8334536981132075
1.726464851744186
nan
2.246365
nan
nan
nan
1.7876102399999996
1.8014273841269843
1.859079093023256
1.7770743888888887
1.8297604093264248
1.7864008448275863
1.807304323170731
1.7454417009345797
nan
nan
nan
nan
nan
nan
nan
nan
nan
nan
nan
nan
nan
nan
nan
nan
nan
nan
nan
nan
1.7620945083056478
1.7869564411764707
1.784338402877698
1.7325683543543546
1.7489219434523808
1.7710136077170417
1.8532924782608697
nan
nan
nan
nan
2.66187
nan
1.73321101618123
1.7695918797468353
1.845573826470588
1.7857894712643678
1.8033553472222223
1.681721201438849
nan
nan
nan
nan
nan
nan
nan
nan
nan
nan
nan
nan
nan
nan
nan
nan
nan
nan
nan
1.7094650982905983
1.7977607272727274
1.768574242063492
1.7535839497206704
1.7875301676646704
2.011942580645161
1.9413533333333335
2.53084
1.87005
1.90605
1.8867699999999998
nan
nan
nan
1.9489346
1.761842447761194
1.8283230421455938
1.7580436624472573
1.9672375882352942
1.8883087500000002
1.7928900086956523
nan
nan
nan
nan
nan
nan
nan
nan
nan
nan
nan
nan
nan
nan
nan
nan
nan
nan
1.6596961685393257
1.7325707833333333
1.8496981538461537
1.834605359073359
1.752984581967213
1.7841497546875
1.7997962733812949
2.018808
1.6919350000000002
nan
1.828143125
1.8701033333333335
nan
nan
nan
1.33056
1.7830011428571433
1.8427818181818183
1.8880204761904769
1.9021978666666663
1.8222938589743591
1.7939100199335551
1.821638582329317
nan
nan
nan
nan
nan
nan
nan
1.800851572413793
nan
nan
nan
nan
nan
nan
nan
nan
nan
nan
nan
nan
nan
1.845244724358975
1.8337082246696035
1.794232125
1.8339465703125
1.9120381666666668
2.32999
1.9076400000000002
1.71947
1.30302
nan
nan
nan
nan
1.8517982352941174
1.7128237566137567
1.7990614999999999
1.820157194805195
1.8965388867924529
1.707066794759825
1.8607565568181819
1.79187333632287
nan
nan
nan
nan
nan
nan
1.7369669756097563
1.6699680382352942
1.576425327777778
nan
nan
nan
nan
nan
nan
nan
nan
nan
nan
1.7752300769230769
1.7230142305555556
1.8002384691358027
2.0692549999999996
2.18671
1.931423
1.6232870311418686
2.0701449999999997
nan
nan
nan
nan
nan
2.0410173
1.789286210691824
1.759773509578544
1.8252068980263156
1.7074819707792208
1.7630063173758865
1.7561846271186443
1.7823426583850934
nan
nan
1.691182084
1.6610826326530612
nan
nan
nan
1.6335435439330541
nan
nan
nan
nan
nan
nan
nan
nan
1.800009942307692
1.7263579104477613
1.8156323770491802
1.6942806891495599
1.7346729583333333
2.0371731818181824
2.128634
1.955455625
1.7071835555555557
1.7506502945736435
1.7308032731182794
nan
2.20557
1.76115
nan
nan
1.1318225000000002
1.7124022727272727
1.28755
nan
1.64938
1.9810066666666666
1.3896475000000001
1.82162002425876
nan
1.8195190744680851
1.7228658703007518
1.7095680214285713
nan
nan
nan
1.768093470588235
nan
nan
nan
nan
nan
nan
nan
nan
nan
1.8303141869565218
1.8103542408376962
1.8440844137931034
2.0432876923076924
1.39676
1.479769
1.8442623248945145
1.822748720238095
1.7097873605442175
1.7433290237154149
1.7780895862068966
1.7770857142857144
1.5511475714285716
nan
nan
nan
nan
1.73206
1.74151
1.8446199897810216
1.77944784375
1.7517590866141735
1.7425256423357665
1.7896624558823528
1.7866554878048782
1.8365643696682465
1.7371539236947793
nan
nan
nan
1.7291314132231403
1.7333430142857142
nan
nan
nan
nan
nan
nan
1.7264973705882352
1.792768797297297
1.74917402811245
1.713234473015873
1.9852286666666665
1.7743498888888887
2.228936666666667
1.7043128363095237
1.7717463729411767
1.7098438129032256
1.7834327621359225
1.7385123794117647
1.8206877008547007
1.8300876153846153
1.8038070000000002
1.3829
nan
nan
3.00912
nan
1.7500701544117645
1.847888198795181
1.8142803663366338
1.791998864864865
1.8114649147058826
1.8533332200000001
1.700224
1.836763566878981
nan
nan
nan
1.6887255247524755
1.7645186816608995
1.835232331797235
nan
1.6474587469387754
nan
nan
1.7282723333333334
1.750469305785124
1.7628223483146066
1.7293783157024791
1.7867488419243989
1.796641
1.8895955
nan
1.8007334469273741
1.7617013729216149
1.8043765870967743
1.8017808101851853
1.8241838392857144
1.6968732671755726
1.8166966417910448
1.6424559920000001
1.787213179487179
2.2414425
nan
nan
1.56008
2.46354
1.4908339999999998
1.7981994689265535
1.8007855344129555
nan
1.7808587460317458
1.791912756198347
1.8015721712871284
nan
nan
nan
nan
1.8606297872340423
1.7882005376712327
1.9038941643835614
nan
1.8436445486111113
nan
nan
1.7494961256983241
1.7495942788844623
1.7688813876923075
1.7329919763313608
1.8711289677419354
1.5400377142857142
1.4043199999999998
1.7916934692737432
1.8446698037383176
1.7398169217391302
1.7749714607329843
1.720273752173913
1.7940660888888886
1.732263470383275
1.7824974430693068
1.7960019420289852
1.8454412922374428
2.0720466666666666
1.938775
1.862758652173913
1.8285957058823528
2.0159066666666665
nan
2.3747066666666665
1.7389863472222222
1.8375412454212454
nan
nan
nan
nan
1.802984679144385
1.8392316145833334
nan
1.8327837272727274
1.7548084744525545
1.7149387639751552
1.8253910070422532
1.7537520975609757
nan
nan
1.8381765754189943
1.725750309210526
1.8403886666666667
1.8409739999999999
1.82355
2.0652683333333335
1.9332750340909088
1.8239029817518249
1.814033224489796
1.8091068940397348
nan
nan
1.769955139473684
1.7014595956284155
1.8245705502958576
1.7120409880701757
1.9377330000000001
nan
2.1002433333333332
1.8517177901234567
1.723272226337449
1.7667099666666668
1.79649
1.6619483333333334
1.694135
1.8091241983240225
1.8593877966101695
1.7105475792682927
nan
1.803005165
1.830048717391304
1.828663042328042
1.8253305612244894
1.8940799161676645
1.7562634860557769
1.8232662516778524
1.7495986967741934
1.7778916424242421
nan
1.824995505952381
1.8072250475490197
1.7848778837209303
1.8281396160714285
2.2253633333333336
1.836516307692308
1.7940324488636363
1.8037501818181818
1.8046719013452919
1.8303009430199433
1.8176631028806585
1.8367349523809524
nan
1.7904274759036145
1.7983086321070232
1.7935159863013699
2.0995114285714283
1.8607811363636366
1.487435
1.9328027083333332
1.7691451022727274
1.7568297155963304
1.7837898893617024
1.8205779827586208
nan
0.971973
1.8801759911504425
1.8214827261146496
1.7727500068493152
1.8250332279792747
1.7752264052863436
1.8301678358662614
nan
1.8170096369047617
1.883093942196532
1.7888747657342654
1.8359419784172664
1.8223334711538461
nan
1.8172996903553302
1.7663035564738292
1.7896473868055556
1.82474025
1.9502599999999999
nan
1.7661029925373133
1.799859013333333
1.8159561268292683
1.8299986643598614
1.8026254018691592
1.7140507045454545
1.7771408949771688
nan
1.7403360970873787
1.7315549322033899
1.81328
1.7836502062500001
1.9019201700000001
2.37202
1.7398425294117648
1.741358748387097
1.802372067961165
1.7439134304932735
1.7447297509727626
1.7274457142857145
2.14585
1.9076366666666666
1.860048929577465
1.8077537362637361
1.7459827929155316
1.7709359999999998
1.854910123762376
1.8641346555555554
1.8132838085106384
1.8098733429104477
1.8013612458563535
1.847380612244898
1.788153042857143
1.8506555419354838
1.8564130591715973
1.755673295774648
1.8140591851851853
1.470692625
nan
1.8321753407407406
1.7287193927272726
1.841856588477366
1.8008234774774776
1.8103112626262627
1.867417908108108
1.712242808219178
1.6780691190476191
nan
1.8031548396226416
1.8443000933333338
1.752722143292683
1.8044988214285713
1.8604833333333335
2.75802
1.8440356857142854
1.7974222835820894
nan
1.8603565512195122
1.7645838366336637
1.7650275714285713
1.9539290399999998
2.25013
1.6846649444444444
1.73067
1.7629499999999998
1.9018332894736842
1.8105608653846155
1.855419222222222
1.9178941769230773
1.8354863927272724
1.8640388683274023
1.8160294415584415
nan
1.7794003179190747
1.840732288888889
1.8117752080745342
1.787660202631579
1.8454522500000001
1.8574525460526319
1.7774575628930818
1.7270773982300884
1.8056617272727273
1.8205859310344825
1.8282663695652175
nan
nan
nan
nan
1.8326408476190477
1.8041096318302388
1.7645784899598393
1.7969767348484846
1.9513838461538464
1.9164649999999999
1.8966776108695653
1.7261213011363636
1.9113200064935068
nan
nan
1.786473325203252
1.7700867951002226
1.8413281170212763
1.7946537290322582
1.7773717584097855
1.8116860596721314
1.8212004464285714
1.835562939130435
1.8485819761904763
1.7668640577777777
1.835837612099644
1.8384161818181817
1.8439196026490068
1.831270846153846
1.7894100818181817
1.781087302259887
1.9016079929577463
1.7697012857142858
1.7914822857142858
1.837790048
1.7738276866952787
1.8341063962962965
nan
nan
nan
nan
nan
nan
nan
1.7530944365482233
1.7360829256756756
1.815734185595568
1.689124
2.05051
1.9293846666666667
1.8072720869565218
1.7607471142857143
1.8780725472636817
1.8283290297619046
nan
nan
nan
nan
1.827272782122905
1.7909481215469616
1.8330102519685039
1.8164283418530354
1.8394022688821754
1.7947826842105263
1.8670020051679588
1.8388491797385622
1.8121927170329668
1.8059399744525548
1.8465598172043014
1.7714529891696749
1.8273861437499999
2.11783
1.7384539499999998
1.8413778260869564
1.8280583238095238
1.827939972
1.8804537548387097
1.8074343726415094
nan
nan
nan
nan
nan
nan
1.7183178499999996
1.7696919516728626
1.8649230732484074
2.014932941176471
1.730475377245509
1.7601861100628933
1.8256661486486487
1.7419250070921986
1.7837589813953485
1.725797119565217
1.8285930603448277
nan
nan
nan
1.7856618333333334
1.6751160744186044
1.8046805537190085
1.7929813265306125
nan
1.860057915625
1.8631532329545457
1.7650396546391751
1.8360344525547445
1.815985877675841
1.8364756494845358
2.041306
1.905961642857143
2.03146292
1.8740011568627448
1.8194595216524214
1.814970518072289
1.882009924882629
1.8029758624338623
1.811594234234234
1.7671218402777777
nan
nan
nan
nan
nan
1.7172406666666669
1.7826983444444444
1.781854549356223
1.7212485
1.7842379587628867
1.7788152981927712
1.83169915625
1.792970724719101
1.7791109677419354
1.7221777081339713
1.7230291172413794
nan
nan
nan
nan
nan
nan
nan
nan
nan
nan
1.8024496844444444
1.8018558468208095
1.8730735101010096
1.9682875074626864
1.8953119
1.784636125
1.8549841977186312
1.8703594812030073
1.867238902173913
1.8231313938461537
1.852240840167364
1.8020428771428572
1.7807709693251534
1.80553112
nan
1.7005279405940592
nan
nan
nan
nan
1.8839647575757572
1.7845502624113476
1.7503406
1.7981719059829062
1.8771826641221374
nan
1.7850498583333332
1.7840058308457711
1.7298922214765104
1.625978015873016
nan
nan
nan
nan
nan
nan
nan
nan
nan
1.7986543299492386
1.736096921641791
1.801700460966543
1.8544458590604027
1.7411359729729727
1.7832353039215685
1.812086587628866
1.813320205479452
1.7055524134275624
1.8885008333333335
1.8358705317073167
1.726093976076555
1.8436732558139537
1.8200882382445138
1.7854583432203393
1.7650218877005348
nan
nan
nan
nan
nan
1.7896104815864022
1.797547
1.8970843274336284
1.7808233189964155
1.8717511592356686
nan
nan
nan
nan
nan
nan
nan
nan
nan
nan
nan
nan
nan
1.7872721549295776
1.7444541266666667
1.7940161399491095
1.8136277698113208
1.8363792876106197
1.8513140815450644
1.7781562365217392
1.7133671079365076
1.8162962790055248
1.8291189733333335
nan
nan
1.8125955303030303
1.8628089354838706
1.8324833999999997
nan
1.748647917012448
nan
nan
nan
nan
1.8215662245614037
1.8452268076923077
1.7938490532212883
1.7228597909604517
1.8138518558823529
1.8201532532467533
nan
nan
nan
nan
nan
nan
nan
nan
nan
nan
nan
nan
nan
nan
nan
1.7854887055016178
1.7952646294820716
nan
1.807980076923077
1.8000074151960783
1.7761838951612903
1.842753820143885
1.7796137874015747
1.7818281270718233
nan
1.8439877307692307
1.812021588235294
1.849302496124031
nan
nan
nan
nan
nan
nan
1.7102170456621002
1.7286240869565217
1.8538719615384616
1.8440233846153848
1.8313178996655517
1.7019752511415525
1.8249770206896552
nan
nan
nan
nan
nan
nan
nan
nan
nan
nan
nan
nan
nan
nan
1.7907613489932885
1.7986524577114429
nan
nan
nan
1.8406388103448277
1.800782094265233
1.8063039157894736
1.8551168930481283
nan
1.8088333023255814
1.798504315789474
1.839612251046025
1.7739521158536584
nan
nan
nan
nan
nan
1.726366
1.6846389699570816
nan
1.7929789840637451
1.7367050382022469
1.7816358344155843
1.8097094833333334
nan
nan
nan
1.758358056451613
1.785251962121212
nan
nan
nan
nan
nan
nan
nan
nan
1.7997435417177916
1.825704224358974
nan
nan
nan
1.7653798728070176
1.8202825304659498
1.8386068915662652
1.8265536829268294
1.7880529889655172
1.8724047441860465
1.8456260837438423
1.8396983590733589
1.8213006012269937
1.829719388888889
nan
nan
nan
nan
nan
nan
nan
nan
1.911494846625767
1.7893415535714285
1.75641855078125
1.7719012236024847
nan
nan
nan
1.6535822115384617
1.8011517662337662
1.7652388859060404
nan
nan
nan
nan
nan
nan
1.706032762430939
1.7772617293233082
1.7987163533834587
nan
1.8611886706586824
nan
nan
nan
1.7273429576923078
1.7409807859531774
1.8365397739726028
1.7875170839160839
1.7628556037453185
1.8186005638297873
1.821144063559322
nan
nan
nan
nan
nan
nan
nan
1.8066749655172412
1.7668106428571428
1.763784186111111
1.7729180211640212
nan
nan
nan
nan
nan
nan
1.6667028493975906
1.7554920627802693
1.6851953295019158
1.7287348862559242
1.834381163934426
nan
nan
1.7613127021276596
1.7084068919860627
1.7405830797872344
1.7947282654867256
1.697598662601626
1.750147822966507
1.7412693333333333
nan
nan
1.7657526263736265
nan
nan
1.8589103333333332
1.747378
1.7996967142857143
1.7830927845303866
1.7281248812500003
nan
nan
nan
nan
nan
nan
1.8280373949044588
1.741142090680101
1.7812649375
1.7273029915014162
1.7442646734693876
nan
nan
nan
nan
nan
1.7747167631578946
1.7110568660714287
1.703745189427313
1.6658504844290658
nan
nan
1.7538938189655173
1.7289588402777778
1.7432214653465348
1.6823213773584906
1.8000054250000002
1.704739818181818
1.7891659435483873
nan
nan
nan
nan
nan
1.7880120816326532
1.77742626122449
1.8016284420289854
1.8028885165289257
1.768645659352518
1.73155618125
nan
1.6916900392156864
nan
nan
nan
nan
1.7189043933054395
1.7145053819742488
1.7687187961538462
nan
nan
nan
1.819616947368421
1.6068829016393442
1.663202858757062
nan
nan
1.7559151544715446
1.6803016631578946
1.8257301794871792
nan
nan
1.8170807272727276
1.7237275413793103
1.70999935
1.8503813743016762
1.7133236049382716
1.6530594734774067
1.7247376398305085
nan
nan
nan
nan
1.801329887966805
1.5751524464285716
1.69669553515625
1.773414765
1.7449332542372882
1.9261993522727272
nan
nan
1.702630475409836
1.6703148399999999
nan
nan
