nan
nan
0.8585051333333331
0.8278330701754385
0.8532795
0.8503054202898551
0.8545575659655832
0.8490979644268775
0.8475136462346761
0.8483546411889596
0.843151560283688
0.8504821558073654
0.848182103960396
0.8150098947368422
nan
0.8461665
0.885659
0.7704275
0.8143402
0.8691239316101695
0.8484585555555554
0.8351898864864865
0.8707611278586279
0.8743566458486407
0.8678957543551088
0.8633800128060263
0.8638577832919767
0.864325086494689
0.862291952469711
0.8574677685734463
0.851442866211878
0.861547383527088
0.8612879409918394
0.8540349545526523
0.8599993335353535
0.8653147713125845
0.8649198762711866
0.8605822864321607
nan
nan
nan
nan
0.8291171764705882
0.860305051948052
0.8587994308390022
0.8493502779922779
0.8480976920903955
0.8477579823399558
0.848073253125
0.8434623305227655
0.8406739429657795
0.8435026892697948
0.4510295
0.8176740000000001
0.767245875
0.0
nan
0.88736775
0.8170249130434782
0.857099
0.806106125
nan
0.8331894210526317
0.860586468852459
0.8627635487276831
0.8527669642393103
0.8560221650840751
0.860402220200182
0.8514136233850128
0.8561126500131492
0.8412065194288479
0.8593723327506266
0.8428866419213975
0.8457824448742747
0.8580462264573991
0.8580380372771474
0.8639428571495693
0.8644234682539683
0.8616353774229075
0.8713280888888889
0.8656979696969697
0.7865336
nan
0.8202381290322581
0.8444391435567009
0.8371481927710843
0.8459426145648312
0.8453499286898839
0.8441771106796117
0.8398477411273486
0.8394561113801453
0.8457437077826724
0.8359902155688622
0.8452319403409092
0.8397679874476986
0.8455875484848486
0.8852224444444444
0.8737918609418283
0.8630484950055495
0.6860254444444444
0.841378
0.861196
0.8721252222222222
0.8373031273631841
0.8478104707792208
0.8539304550344827
0.8615044884151993
0.8551541780821917
0.8504795862609787
0.8517786599834071
0.842326084690346
0.8560645131594036
0.8486258364244604
0.8491465304182509
0.8385411171875
0.865281595581988
0.8531173901891254
0.8604192496038036
nan
0.8642630200000001
nan
0.867173
0.8633595000000001
0.8305428571428571
0.80967928125
0.840601975609756
0.7934725
0.8310064185606061
0.8410611489726028
0.8333277262396694
0.8380401074157303
0.827949312200957
0.8390964761904762
0.8504753400735294
0.8404292029614605
0.8442267808219177
0.8280880144927536
0.86478913429229
0.8610528943514644
0.8573126343037974
0.8546991915211365
0.8182994827586209
0.8135438480975608
0.834194
0.8429247373327842
0.8491055897669706
0.8611460998336107
0.8525662508437271
0.8500718548721492
0.8538641579262672
0.8585572485875707
0.8541730809463136
0.8482975987841946
0.847141308056872
0.8550557785958905
0.8566814886939571
0.8607718431532199
0.8568602160120847
0.7807959538461537
0.8589810905044509
0.8536787916666665
0.849119611111111
0.8379445185185185
0.8444823456790124
0.8637512931506848
0.8556975343550447
0.8468616914348461
0.8398788363047002
0.8427212133580705
0.839205259557344
0.846313547309833
0.8365232053824362
0.8400926716917922
0.840067670781893
0.8525001906300483
0.8476786579185521
0.823296
0.8153255294117647
0.854044361407767
0.8583807153094463
0.8544216729882679
0.8492549719438878
0.8456094259719439
0.8532784352291551
0.8458328592057762
0.8439956671985815
0.8596306513011153
0.8510087799999999
0.8411506951261967
0.845033651755102
0.8437782173047473
0.8425653273322422
0.8464668967153285
0.8466073724657535
0.8635859466883117
0.8579345667272728
0.8574934415716098
0.823923
nan
0.8690596628686327
0.8479364999999998
0.7422388250000002
0.8522445223880598
0.8611260677637947
0.8572337706536857
0.847285149341142
0.8486500622166246
0.8632358644877436
0.8426162054054054
0.8357965811138015
0.8336324686825054
0.8365414404411764
0.8288113860759494
0.806268151724138
0.8399024782608696
0.8005966147058826
0.8633905454545455
0.8366687278723404
0.8477357832972973
0.8518913559447984
0.8526447100930915
0.8466115978441815
0.851113934316354
0.8503991717932354
0.8508796959168522
0.8515769263157895
0.8586534614019521
0.852449209770115
0.847696037521815
0.8505164756690996
0.8454963871546961
0.843455025
0.8424493525179856
0.856727467025572
0.863434976984127
0.8605557574303405
nan
nan
0.8582540698412697
0.8682124315975286
0.83117635
0.8341656506024097
0.8618776921151441
0.8574672862526836
0.8385881273764259
0.8501913339541548
0.8546297248051027
0.8562188209634256
0.8381352004975126
0.8277874602150538
0.8325646731843573
0.8456868613175675
0.8304502256183746
0.8425520084558824
0.8365702813238771
0.8120117833333335
0.8527543102147239
0.8455179391304347
0.8509483265892548
0.848990586255734
0.851045218064935
0.8494937531782946
0.8469958756600661
0.8580111469040249
0.853727468716861
0.8538585809791984
0.8486618091382488
0.8488899430927834
0.8557231837278106
0.8435661178010471
0.8342139360902255
0.8356163456147542
0.858927807465668
0.8616346011673152
0.7378330194444445
nan
nan
nan
0.8661156871455576
0.8682735283839212
0.8365433333333333
0.8634607582417582
0.8558852759552656
0.8219804246575342
0.8568414353697749
0.8577563295600859
0.8548973502522704
0.8376331527777777
0.842541643041607
0.8370569044868035
0.8348495380875203
0.8419742838196287
0.8301692127306273
0.8278909213903743
0.8430062419913419
0.8523424340761611
0.8494784694267515
0.8542440693265422
0.8472307793307088
0.8456913062460962
0.8486294873595506
0.8592159814402375
0.8546469763065694
0.8578528005877413
0.8504712182421227
0.8479641535625967
0.8543990498398463
0.8498530186767896
0.8591476900526624
0.8541991135112593
0.8210887096774194
0.8231185517241378
0.7297778181818182
0.840095
0.7586583333333333
nan
nan
0.8568088200692041
0.8635181120042644
0.8586596837160752
0.8186194375
0.8623807511530398
0.865785891613924
0.8610201637239164
0.8584964839946381
0.8602336932453245
0.8300603316062175
0.8296374666666667
0.8350066875
0.8432841921568628
0.8355889074074075
0.8429659808306709
0.8323301352112676
0.8381590165829146
0.8603795805897273
0.8500823328661528
0.8467337983330472
0.8507931796308082
0.8449343497754855
0.848940854978355
0.8435622947826087
0.8560488817745803
0.8525914038427168
0.8439566525167785
nan
0.8412262971246138
0.8444317603585657
0.8441789381860829
0.8509545225585937
0.8581056955017301
0.8229565789473684
0.844051
nan
nan
nan
nan
0.8589802615207374
0.8652958967551622
0.8646818398406374
0.8475968756380511
0.8521085072192514
0.8674995788973384
0.8616555788610871
0.8533414757955641
0.8583785063636364
0.8515658372681282
0.8472994298245614
0.8395306744186047
0.7153345714285714
0.7551557333333334
0.8366737602523661
0.8390053560606061
0.8415407183544305
0.839121392
0.8413583597826086
0.8390579617834395
0.8479322333333332
0.8497113878787879
0.8510833845159484
0.8397370235680751
0.8437229617158672
0.8441506078453037
0.8484801991077267
0.853482279305136
0.8479335833333334
0.8477050863376252
0.8549055110356537
0.8420787270925111
0.8482756633663366
0.8271981851851851
0.8282417000000001
nan
nan
nan
0.920086
nan
0.8514503358135594
0.8587316808795411
0.8586079622864651
0.8646070142663043
0.8284258095238095
0.8675315665399239
0.8529294167832169
0.8207582342342344
0.8373438458937199
0.8189868827586207
0.822604347826087
0.8665156666666666
0.8310906666666668
0.8269729773722628
0.843807893728223
0.8387720633333333
0.8410399132530121
0.8359053102053334
0.8372291902536232
0.8220626900763359
0.8509183693995381
0.8502801171681189
0.8488994478448276
0.8431599038533834
0.844135963255144
0.847139344247606
0.8456166345760235
0.8419799207547168
0.848167219525342
0.8542152733708394
0.8582069873179091
0.8553649961139896
0.838843293367347
0.8324491644927536
0.8611769854166667
nan
0.808255
nan
nan
0.848632659385291
0.8623720738203956
0.8608644445537597
0.8428945124369747
0.8693401935325821
0.8618611527777779
0.8557066425855514
0.8690585000000001
0.823970105263158
0.8432598260869566
0.6671183333333333
0.8375321290322582
0.8531038371501273
0.8469322865125241
0.847812652112676
0.842193694055944
0.8347725434298441
0.8441693933209647
0.8336246239837399
0.8426509482071712
0.8624766414560162
0.8559694463465783
0.8487442663866248
0.8530781130434782
0.8480651461494709
0.8464935168585425
0.8535643062179122
0.8434561119885824
0.8483722745814308
0.8506206197064676
0.854207647529762
0.8535951702410092
0.8512998398310591
0.8509191322188451
0.851191076686508
0.86045841
nan
nan
nan
nan
0.854203190802817
0.8600155561009819
0.861202648585287
0.8614173971107544
0.8603384366197183
0.8552003250943396
0.8334659230769231
0.7615805
0.8473528235294118
nan
0.8475231111111111
0.8394926523809523
0.8400896204244032
0.8480198389610389
0.8388988612975392
0.846506443196005
0.8371678773841962
0.8442914379629629
0.839893125
0.7981405416666666
0.8478330019047617
0.8584941195724782
0.8560082412749865
0.8516485352941177
0.8438795097897027
0.8466296418883312
0.8431610840134048
0.8513769498997995
0.8562411119327732
0.856910366084788
0.8547725407730673
0.8528957777777777
0.8460250514224752
0.8543443984698097
0.8568325867487327
0.8589099040284361
nan
nan
nan
0.8558772603773586
0.8595022806055647
0.8606936589030206
0.8607230601387819
0.8591156530468751
0.813873
0.8581314772143774
0.8686118192627823
0.8677739643947101
0.8231217
0.8446786
0.8385166551724137
0.8442477804878049
0.8443156190476192
0.8369892333333334
0.844052161111111
0.8510010261682243
0.8424210768551236
0.846531591202346
0.751655875
0.7353626666666666
0.8358898500544958
0.8562203935379311
0.8539750961021505
0.8520178504690431
0.8497014192488264
0.8471135099386878
0.8514740314755198
0.8536799240166865
0.8642694735395189
0.8581955694754945
0.8219375200000002
0.8552817398403928
0.8584271338069863
0.8544130262763786
0.859813026487524
0.8637354161616162
0.8603514607201311
nan
0.85942
nan
0.8523943489932885
0.8629369620528771
0.859947426594927
0.8492267595628415
0.8732569689655173
0.8688797828871894
0.8587046046966732
0.8705780908455625
0.8566518421052632
0.8367293076923076
0.8736933272171254
0.8542588518518518
0.8251924097560978
0.8312847798165139
0.8477302479564032
0.8554547454128442
0.8346797116104869
0.8316200402684564
0.8315945454545456
0.938435
0.8493351535714285
0.8423467396226414
0.8371822407925407
0.835427210815047
0.8424838106024097
0.8472878900979325
0.853885735395189
0.8497688751476509
0.8604445377221324
0.8321028285714286
0.7488353352941176
0.8588549874517375
0.8589152536200964
0.8509210448339484
0.8571227942701612
0.8679563285351398
0.8598764600609756
nan
0.8337539166666668
0.8544297883959044
0.8609971358457493
0.8629768472745292
0.866256845246868
0.86053634375
0.8681981279069768
0.8635607779342722
0.8658674093575419
0.8596042715700141
0.8635183420289854
0.8466042959183676
0.8171722441860464
nan
0.8386847058823529
0.8314821608391607
0.8497008278145695
0.8499460385542169
0.8213259716981132
0.8736242
0.860912806012024
0.7966563999999999
0.795806
0.8315526310160427
0.8353094909819639
0.8417913093059937
0.847751527093596
0.8446048059299192
0.8322079432160804
0.8466282079447323
0.8702075
nan
nan
0.8308477843137255
0.8408063714285713
0.8568175479697829
0.85980063078241
0.8533317030254777
nan
nan
nan
0.8631626375
0.8618577816083333
0.869948402927928
0.855663568503937
nan
0.85792675
0.8313474563106797
0.852975283887468
0.8633201154598826
0.8622109382857143
0.8734615439924314
0.7831946666666667
nan
0.8430902631578947
0.8238226860465119
0.7969181960784313
0.8511243684210528
0.8229558723404253
0.8734340409172662
0.8556883455479452
0.821957
0.8493025950617284
0.837115140037244
0.8480686377745241
0.8441162539527027
0.8432892579666161
0.8437362867783986
0.8239971008097166
0.8391024426229508
0.8506630134228187
0.8654904999999999
0.412949
0.840493027027027
0.8556607483766234
0.8577229760302035
0.8553007635671642
0.8385508965517242
nan
0.7894401666666666
nan
0.8628156561624651
0.865353560199005
0.8610677474576272
nan
nan
nan
0.8090544094084506
0.8348847296610169
0.866978609723757
0.8708336957130358
0.69437225
0.789439625
0.874671
0.7805218666666668
nan
0.884638
0.8466110924369749
0.8653958043986014
0.859958388888889
0.8326944529616725
0.8372198233949579
0.8493895109649121
0.8599400228974832
0.8490607246093749
0.8311312597765362
0.8376539999999999
0.8345669372384937
0.8488688596338029
0.8420950454258675
0.8347679702842378
0.8570847112903226
0.858664151246983
0.8627848670239918
0.8604272075641025
0.8528468129032258
0.8578233715596331
0.8366231805555555
nan
nan
nan
0.907466
0.8652550195121952
nan
0.8419169230769229
nan
nan
0.8320870145985402
0.8675433134519573
0.8626712492469008
0.7955833448275862
nan
0.8780365
0.7741933000000001
0.8392990000000001
0.86117
0.8253898000000002
0.8619996643356643
0.8615635579161028
0.8586164668069436
0.8405668657910016
0.8411300219435736
0.833624193050193
0.8710397518084153
0.8634445908548708
0.8527779002332362
0.8571978896727273
0.8511183596984924
0.852540872387133
0.8498994948860529
0.85021070475382
0.858558045144284
0.8567176582417582
0.844002525595238
0.8426329837133549
0.8363854664179105
0.804661923076923
nan
nan
nan
nan
nan
nan
0.857305
0.8445446136363636
0.8810996400000001
0.883228125
0.8620018270676691
0.8721915990819022
0.8387390288461538
0.772505716
nan
0.902671
0.884671
nan
0.8694030689655171
0.8624638311312216
0.8551090598039215
0.8543210296975252
0.8537514194486765
0.8527386141592921
0.8503316981132076
0.8318300463888889
0.8527926100812457
0.8503255388148147
0.8592341438831886
0.8477566058738215
0.8530648158577607
0.8558402401595215
0.865688928094885
0.8662795323920266
0.8521615426321036
0.8291547828571427
0.8218809166666667
0.796153
0.86109375
nan
nan
nan
nan
nan
nan
nan
0.889882
nan
0.8733751514018692
nan
0.8752062483890214
0.8618494695863748
0.8669035328474576
0.853356683908046
0.8457568716535433
0.854196
0.82422
0.8568264999999999
0.8134795405405406
0.8625280694805195
0.8598849773321708
0.8537801845226131
0.8521725614552605
0.8462919568341837
0.8547281609403254
0.849796609351433
0.8500728038663053
0.854724375506659
0.8550574702662722
0.8503036715969359
0.8557645684790088
0.8553248656429455
0.8639626857751277
0.8542645014300306
0.77917875
0.8440141999999999
nan
0.763718125
0.8520924999999999
nan
0.6999029875
0.8615585
0.901899
nan
nan
0.8614195
0.8310605
0.8550326666666667
0.8785425835579513
nan
0.8701444764179104
0.8623743580901857
0.8509072242647059
0.8692471904761904
0.8500304086956522
0.8592896666666667
0.868092
0.8385709824561403
0.8611601988795518
0.8558385607535322
0.8577221493174062
0.8503990297619048
0.8586863266452648
0.8534925583333333
0.859548829403409
0.8438861399253731
0.842344849162011
0.8412387256371816
0.8540630830289192
0.8544867484291642
0.8516890228963938
0.8560410229299362
nan
nan
nan
nan
0.7798280666666666
0.8330465175438596
0.8418459769230769
0.8565020000000001
0.838787403508772
0.866674
nan
0.8403363333333335
nan
nan
nan
0.8836003676880223
0.8767912230392156
0.8708674399999999
0.8476819000000001
0.8317813076923077
0.83761425
0.86996775
0.86064
nan
0.8525823846153846
0.8637991947809879
0.8639388078602621
0.8546278317596566
0.8542536990361447
0.850099495323741
0.8541333901746725
0.8580216498505677
0.850413649186257
0.8441470986238532
0.8189807142857143
0.8491010736196319
0.8468548600628929
0.8461082157093117
0.8586944155984556
0.79582408
nan
nan
0.6931308
0.8306132211538463
0.8475955934010152
0.8457702153333333
0.8474594132653062
0.7957645714285715
nan
nan
0.826757
nan
0.79383625
0.8355457307692309
0.7843357999999999
nan
0.846189
0.8714754772277227
0.8597360000000001
0.8825974999999999
nan
0.86004675
0.906633
0.7914909333333334
0.8523886909975668
0.854097571641791
0.8553561654468085
0.8546933050704226
0.849297762373372
0.8497963992907802
0.8595209112903226
0.8582583795016077
0.8480603851203502
0.7918859090909091
0.8516349411764705
0.84960621875
0.8501811069078946
0.8562597229261705
0.8433882747524752
0.878336
nan
0.8289965985915494
0.8541865482041588
0.8488517601547388
0.8507820576606261
0.8578915449275362
0.8450051490384616
0.8537817368421052
nan
nan
nan
0.80827
0.854278589041096
0.8482311105769231
0.792469153846154
nan
0.863318
0.8247277777777778
nan
nan
nan
0.865372
nan
0.77058616
0.8576749047619048
0.8564500215311004
0.8567986841673503
0.8603572233333333
0.8462573551679585
0.8452452292149292
0.8509599813093982
0.8564566240208877
0.7789468666666666
0.836485052631579
nan
0.9057785
0.8389946666666666
0.8661484791248861
nan
0.830989
0.8331127307692309
0.8554127848101266
0.8421689661654135
0.8526146480686695
0.8525952787524367
0.84863348125
0.6932435
0.798882
nan
nan
0.628473
0.7966167222222222
0.8510883243309001
0.8469766695054944
0.8427603790849674
0.764136909090909
0.8376045000000001
0.8719283651452281
0.852537
nan
nan
nan
0.819214
0.819676326923077
0.8512776381118882
0.8571757005545286
0.8537450963216424
0.8580745415335463
0.856850781048758
0.8516523694
0.8598466257261411
0.8618916497801231
0.8464729231292516
0.8640808461538463
0.837735
0.8037718292682927
0.8626720873655914
0.8637872231121282
0.838043173763441
0.8448570929936305
0.849385268292683
0.854288421686747
0.8494187896405919
0.8468559295774648
0.8430532603878116
0.832990947368421
nan
nan
0.728268625
0.872663
nan
0.8232049285714286
0.8564088624999999
0.84420999148265
0.8436470067114094
0.8319480709219859
0.8209153153153154
0.8637563821240799
nan
nan
0.8802316666666666
nan
0.8543529999999999
0.844071964653244
0.8578830911708253
0.8595823956485357
0.8452710674188998
0.8490439024390244
0.851120616316894
0.8575433735798017
0.8590787722891565
0.8545738593967517
0.8480686428571429
0.776265625
0.8321499000000001
0.8312124285714285
0.8605828389178082
0.8630885428811282
0.8550597281153449
0.8555524253811395
0.8492112897727272
0.8426920572687224
0.8401626194331985
0.8465608678678679
0.834073782051282
0.896812
nan
0.8089773333333333
0.873558
nan
nan
0.8274682831858408
0.8598321555555556
0.8462873857142856
0.854974616615067
0.848604588505747
0.8594731051106234
0.8617810178678679
0.8364495000000001
nan
nan
nan
0.8547048333333334
0.857174382765531
0.8613900421597633
0.8580002969639469
0.8577623189655172
0.8489299793103448
0.8474927072463769
0.8585182021100918
0.8592657941666668
0.8487900513253012
0.8362771999999999
0.8255743333333334
0.8731066666666667
0.8218133333333334
0.8536563389570552
0.8495728631393298
0.8647961501663893
0.8679280542168675
0.8425310697674419
0.8591101866028709
0.8241132950819671
0.846303
0.877476
nan
0.874456
0.8153433333333333
nan
0.8838629917168677
0.8630013364197531
0.8620604172858226
0.8485094449339208
0.8439424427860697
0.8519479782744783
0.8599141912760063
0.8600572325224587
0.862227910994152
0.8630021034482758
nan
nan
nan
0.8032047999999999
0.85478212977707
0.8631945231967214
0.8552679660493828
nan
0.705195
0.8578926752906978
0.8612265033947625
0.854356959868421
0.8409512546478872
0.8085333
0.855752625
0.8575494544593497
0.866798047265987
0.8614225055702918
0.8677586188455009
0.8616118790229884
0.8642742318421053
0.8577724736842105
0.828481
0.8353786666666667
nan
0.768687
0.877746
0.8370595624999999
0.8774029999999999
nan
0.8196840000000001
0.8738000462873674
0.854465283557047
0.8629062784810126
0.852006886608123
0.8581260545810057
0.8512957985330074
0.8556740576610382
0.8635538788172041
nan
nan
nan
nan
0.8621034
0.8608125029787235
0.8598481080654762
0.8577770658227848
0.8524613362175525
0.8494737036553525
0.8540272857142857
0.8566696746242264
0.8581740479638009
0.8544544255319149
0.8540702708757637
0.8632541547619048
0.8669401474747475
0.8624139036666667
nan
0.8622136044568246
0.8660492474609375
0.862665807826087
nan
nan
0.823259
0.8271304285714285
0.807290625
0.8386857222222223
0.8406483999999999
0.834806
0.637748
nan
nan
0.864148712121212
0.8618784600456622
0.8546196819060775
0.8631655623800384
0.8508973585007042
0.8413294614005601
0.8536068593735343
0.8732169761904762
nan
nan
0.862516
0.853905
0.8465163808255659
0.8594653324137932
0.85118677
0.8516481104285715
0.8489542593186373
0.8556352403977273
0.860967366894198
0.8586128387096774
0.8561496246204506
0.8574439465306123
0.8572370611764706
0.8646271974074075
0.8623496784140969
0.8266496666666665
nan
0.8486073333333334
0.8711606208881578
0.8674145097902098
0.8502611
0.8148560882352941
nan
0.8522925
0.816136
0.394761
0.70436475
0.8711821111111111
0.809905375
0.849419
nan
nan
0.8095986923076922
0.8543489812080536
0.8551067380067569
0.8563332421580928
0.8578130415879017
0.867877
0.8508588125000001
nan
nan
0.8538838571428572
0.8576575656934308
0.8587439266738475
0.8593055653543307
0.8533972742993026
0.8572538604826546
0.8595773540152155
0.8590933746576382
0.8606168196999999
0.8602734552352048
0.8369024444444444
0.8530558235294118
0.8576346428571429
0.8248144799999999
0.8162174
0.8691831666666666
0.8358401666666667
0.8148519000000001
0.7693488333333334
0.8240680833333333
0.864278
nan
0.829219
0.7346474111111111
nan
0.8359191500000002
0.7907341666666667
0.8672476666666666
0.8397603820224719
0.8175563333333334
0.8398661351351352
0.8525381518578353
0.852632285326087
0.8526377552664189
0.8599144562737643
0.8680339576454668
0.8452257142857142
0.8573632857142857
nan
nan
0.8778784999999999
0.8389400324909747
0.8536765881991396
0.8526406576151122
0.8490655427887492
0.8547190084039088
0.8495130150050353
0.8497355973498233
0.8627815117476432
nan
0.7951579999999999
0.8352681666666667
0.8351416666666666
0.8573695384615385
0.8395779130434782
0.8187763684210525
nan
nan
0.84935725
0.86493
0.8530513333333333
0.863827181818182
0.8264084137931033
0.8245532857142857
0.8580409588014982
0.817132
0.8273625
0.79391975
0.8636907826086955
0.8573753142978003
0.858958701567742
0.8574647744054879
0.8590246980878188
0.8612102440944881
0.8531373202764977
0.8585303984732825
0.7287402000000001
0.879191
nan
nan
nan
0.84959393707483
0.855288683618677
0.8518675564422482
0.8510429724147529
0.8478379144310824
0.8463247195867025
0.8572628304477613
0.814246
0.8325056
nan
0.869261
0.8136605384615385
0.8420521875
0.884849
nan
0.8323320714285715
nan
nan
nan
0.797596
0.2746378
0.8331236811594204
0.84660932
0.8371513357142858
0.8409616428571429
nan
0.8714349985835694
0.8593772090909092
0.8566554371214057
0.8566956470538839
0.8471869925503944
0.8373299373848987
0.8458478162729658
0.8524053054945055
0.8542887256235827
0.8613477999999999
0.8823641666666666
nan
nan
nan
0.8476062571691177
0.8559611492100643
0.8490357273753246
0.8514961831749074
0.8402287784313726
0.8496276303610907
0.8591267559527156
0.8484872291666666
0.7905816999999999
0.65012875
0.8409791999999999
0.8261695
nan
nan
nan
0.81699425
0.8421993142857142
0.8456485769230769
0.8273843066666666
0.8326533333333334
0.81351483046875
0.849901996835443
0.8591696284403668
0.8408673548387097
0.8071771153846155
0.8719861628289474
0.8667612306648576
0.8584462126582278
0.8490135363455085
0.8548675995471698
0.851950162132353
0.8503868335845897
0.838731987516432
0.8490707659810125
0.847695484029484
0.8326798823529411
0.8707514285714286
nan
nan
nan
0.8537741589958159
0.8456465540540541
0.8398303059210527
0.8307211014336918
0.8527248880484115
0.8552708902532616
0.8569279727793697
0.8505473574725275
0.8569502499999999
0.66820575
0.814513
0.805681
0.8578192857142858
0.860371
0.7764037695652175
0.8655410533774834
0.8122146666666668
0.8554883364055299
0.844261063957597
0.847949696969697
0.848973622047244
0.8443070704225352
0.847003180592992
0.8251970114942527
0.8327509761904762
0.8157468333333333
0.8414769583333334
0.7849941666666665
0.8185759999999999
0.848952083992095
0.8498091173179396
0.8529088553766904
0.8499510921478262
0.8437273664794007
0.8456781214285712
0.8782469003378377
0.888868
0.8631754
0.870369
nan
nan
0.8411760612371134
0.8414597804770888
0.8478576883365201
0.8550555059911895
0.8561356042016807
0.85290213669924
0.8577382521145976
0.8500512815326632
0.8551182540695877
0.907771
nan
nan
0.8529834736842106
0.7854510666666666
0.838524
0.8722226396396396
0.8693136535254989
0.8725014608904934
0.8194416893641618
0.838356038071066
0.8419246065217392
0.8482700088495575
0.8503477747440273
0.8170183571428571
0.8198857575757577
0.832608
0.85993
0.824546675
0.8505614172523962
0.8575751217906518
0.8582909689513767
0.83834720861678
0.8456504723707664
0.8414121833941606
0.8760224337623012
0.836802712121212
0.7694470769230768
0.8987876666666667
nan
0.8548464968017058
0.8539184646924828
0.8421470845410628
0.8697756580882353
0.8666644995507637
0.8640840865831843
0.8599556860195904
0.8620949274924471
0.8608893960747664
0.8593200057591622
0.8519852307692306
nan
0.8540897792794376
0.859540470460358
0.8454232627737227
0.832236498148148
0.8295013496503497
0.8601570500623019
0.8365409565217391
0.8366782685714286
0.8537334924761906
0.8411913020833334
0.8395761974110032
0.8452833643031786
0.8443161124999999
0.7272795
0.8636263761589404
0.8657931088929219
0.8540232345022625
0.8559350606493508
0.8556706827632462
0.8407578191489361
0.8411152508361204
0.8433621696485625
0.8593166172608696
0.8658419605381166
0.8610735035211268
0.8604364999999998
0.8692095555555555
0.8855533333333333
0.8504156795366796
0.8522313388429753
0.8347066793103448
0.8607573076923077
0.8462504000000001
0.8133446666666666
0.8433969090909091
0.8374702280701755
0.839972956521739
0.8584438453364819
0.8002452
0.8626164672727273
0.8633703243029079
0.8610281863375662
0.8540564814814815
0.8480082244094489
0.8489423265306123
0.8566277914696592
0.8521642627599244
0.8421958653846155
0.849643179856115
0.8442627531486145
0.8403439184149183
0.8445525684210526
0.8308109753086419
0.8229623846153846
0.676535
0.8605379777247415
0.8529513525466893
0.8460518663442941
0.8408621839323467
0.8286550267241379
0.8332658008752736
0.8522356973399318
0.860526356536128
0.8652732475529865
0.8675608248962655
0.8423471081632653
0.8697226585365855
0.831634388888889
0.8470449271523179
0.8530638642297651
0.8220004817073169
0.8389661390728477
0.8455338888888888
0.8539875405405405
0.8560687834722222
0.8560689109701493
0.8581744770992367
0.856388375745527
0.8542508152709359
0.8643599377186844
0.8596018492242329
0.8584371997222223
0.847313325
0.8486487142857142
0.8288846333333333
0.8621973982003129
0.8591387169082125
0.8439771879049676
0.8499688774617068
0.8420449093484419
0.8456197460957178
0.8504346445312501
0.8185294057971013
0.8526755987372686
0.8612125182625864
0.8589896354187688
0.8546948257163849
0.846067657635468
0.8470183610634648
0.8383364839933993
0.8485120866127583
0.8606050738866396
0.8561852318030049
0.8660555717163577
0.862336672416599
0.857412861627907
0.8548101078195488
0.8401755660377357
0.8574725714285714
0.8494715831739961
0.8485700878136201
0.8108086436781612
0.8335457540106953
0.8578368276326874
0.8629444577579204
0.8508823577586206
0.850900574039581
0.8616313266911765
0.8570128214285714
0.8583304715789474
0.8465945452162517
0.8399292828282827
0.8658406111111111
nan
0.8570438011315418
0.8661800846968238
0.8505705904697987
0.8071326641666665
0.8534115267538644
0.8430988639705882
0.8308623447852761
0.8542059665993244
0.8508506344086021
0.8480130731559855
0.8622352490327381
0.8577768050235478
0.8479806659029704
0.8432497663934427
0.8468716018735363
0.8431456182457724
0.8572378448005231
0.8532513719552611
0.8544073323699422
0.8594986846801347
0.8650122336940836
0.8607236303462321
0.8686851755196305
0.8558439041547278
0.7910124444444444
0.8392510869565217
0.8436337668711654
0.841048625531915
0.8486198226373627
0.8567439308641975
0.856729470358566
0.858499088588157
0.8263271764705882
0.8530118384529148
0.8591260830430798
0.8566924019073572
0.7726895000000001
0.8360228
0.7144944285714285
nan
0.8471770627118644
0.8665023072677092
0.8515979171199999
0.8461447307692308
0.8555190783045267
0.84627998005698
0.8440083100616016
0.8593399418680603
0.8556321938543754
0.8579628429194631
0.8617285704182509
0.833700117117117
0.8369793881748072
0.8521239354838709
0.8527316306055046
0.8556335331679659
0.8559263391540163
0.8553328316939891
0.8564392866712707
0.8566510108294932
0.8606722270916334
0.8622872870178739
0.8636333169014084
0.8604778967032968
0.8152714999999999
0.8276035714285713
0.8305505656565657
0.8471576185920578
0.8392098599999999
0.8518240304347827
0.8399890709459459
0.8626840666374012
0.8587123554678693
0.7718778000000001
0.8635495555555557
0.85411175
0.8492702105263157
0.8485093611954023
0.8539120299578059
0.7855336666666668
0.851204901744186
0.8583670447627574
0.8493276210106384
0.8476417216398838
0.8549158933649288
0.8427790641975308
0.8364635115384617
0.8472966253853128
0.8510642432544148
0.8415020861722052
0.8068162884615385
0.763041479032258
0.8251391111111112
0.8455277294938918
0.8538266304940375
0.8529064318181818
0.8487678916837782
0.8314715636363637
0.8509392733944955
0.8635072316950853
0.8510809647390692
0.8605368229022704
0.8626747084150328
0.8512745652173912
0.834708
0.8459401955445545
0.8573629495772481
0.8614898170524916
0.8537224158533144
0.8416489429824562
0.8280821428571429
0.8163852666666666
0.8597982906786591
0.8534314964512042
0.8583615843393148
0.8695498
0.8587375291398964
0.855649649371069
0.8553799786223277
0.850132524535809
0.8521402573839663
0.8577664433529412
0.851613196636799
0.8517994994529364
0.8493891248685199
0.8428664303178485
0.8499758058161351
0.8540835178373015
0.855269681150323
0.8416088528822054
0.7983157940238096
0.8401718947368422
0.8412204383691756
0.8546015414798206
0.8457082651421508
0.8588165621236132
0.8546371992452829
0.8508528067540323
0.8564594637770899
0.8661197161010258
0.858050104109692
0.8613379308103295
0.8095164375
0.8384801282051283
0.889044
0.8151877058823531
0.852509676036043
0.8556136001737871
0.8543156248175182
0.8530843679706601
0.8142582033898306
0.8507510344827587
0.8604021095652175
0.8601617903743315
0.857953897846154
0.8552267822199383
0.8555601626605903
0.8535930042884992
nan
0.8499609666221629
0.8501450794383775
0.8640876673758867
0.8570978200795228
0.8500863215891892
0.8510016274131275
0.8500641677982541
0.8529200538054188
0.8515208681517157
0.8471674762441614
0.8397797555314533
0.8216124166666666
0.844944271111111
0.8590339880863738
0.8460066887108523
0.8489133422644162
0.8514608976961844
0.8589479280205655
0.8585360611111111
0.8390817263852244
0.863349347599165
0.8626450271843003
0.8205557272727273
0.8540194394409938
0.8538099786423843
0.8542818571428572
0.8450981325301203
0.8520813
0.8469135688368336
0.8560721961047255
0.8599015966183574
0.8119936666666667
0.8016960714285715
0.8592222352941176
0.8574650677083334
0.8552703128
0.8560823742372882
0.8542739667287979
0.8570118683346365
0.8509764697309417
0.8514329844531249
0.854029677195122
0.8547021632096896
0.8528455475910693
0.8539880941935484
0.8487064895381715
0.8461333752252252
0.8481645164632516
0.8477170779014309
0.8351402796189517
0.8230827569060774
0.8367097325617284
0.8577885097423004
0.8550093382390745
0.847275078768745
0.8496333462929475
0.858858900409277
0.8552357519858782
0.8562804520930232
0.8496420240174671
0.8635363689375508
0.8500843419287213
0.8598608800912408
0.8638623591481123
0.8528760999999999
0.8233798181818183
0.8567747796791444
0.8604959583712775
0.8462189103542235
0.8536524465529624
0.8574739266055046
0.8633057570698466
0.8506200300000002
0.8496881176470589
0.8203448115942029
0.8185118333333333
0.8381231630036631
0.8380122899709301
0.8585391295081968
0.8579731107773853
0.8511957393732971
0.8530687732068164
0.8479133339473685
0.8511470117370892
0.8415766
0.847205337970619
0.8548033157009345
0.8551762233431952
0.841546277972028
0.8413402463286714
0.84465254400369
0.8525870086198306
0.8577719455891823
0.8492356287436457
0.8513295824676923
0.8519728007414272
0.8423439022222222
0.8449578155893536
0.8396737682119205
0.8475390358867925
0.8550945010224948
0.8611754312236287
0.8569520871177015
0.8653281959843291
0.8460235961538461
0.8596453
0.8524637274678112
0.8555990758304697
0.8508408305480607
0.8218572078651687
0.8157901031746033
0.856781113425926
0.8636089963164251
0.8582999555399061
0.8621902163043477
0.8526501879677184
0.8587485435119432
0.849683325940872
0.8407026690909092
0.8514222781725889
0.8570744152542373
0.8557927946345976
0.8511942119298245
0.841053423896663
0.8418630626400996
0.8504700120343839
0.8543441852089083
0.8450991286469345
0.8386600824758843
0.8406162034632034
0.8489290815041322
0.844343866075388
0.8461121139745917
0.8349887788461539
0.8447121624728849
0.8385408359375001
0.8475406078431373
0.839307805896806
0.8469570975369458
0.8433501270903011
0.8614329300533945
0.859924341986456
0.8661874323144104
0.8566968333333334
0.834061142857143
0.8293484247058823
0.853017216117216
0.8541315211925867
0.8546015147881695
0.8511170744247788
0.8386756186186186
0.8263134000000001
0.8364397024390243
0.7800111818181816
0.8589909047399527
0.8515512419761062
0.8547881585365854
0.8521774826139155
0.8534875709923665
0.8583320566873339
0.856335732809773
0.8556831810855262
0.8538735899731424
0.849553400810081
0.8498752697634407
0.846287248905566
0.845421587629705
0.8364881016806723
0.8372674602112676
0.8434506012832139
0.8567634514745308
0.8506174572840237
0.845434908120915
0.8488948216845985
0.8408544415322581
0.8469437742155524
0.8462996222222222
0.8419325279503105
0.8316918923766815
0.8365028795180725
0.8667133925066904
0.861443993622449
0.8597237122119815
0.8162388409090908
0.8554111449925262
0.8597995124450951
0.8608052495183044
0.859904064573991
0.8575054766060605
0.8531972632829561
0.8487130725142857
0.8416147537593985
0.8472177603092784
0.8266727170731708
0.8531015488917862
0.8535841960125918
0.8494287764060358
0.8564329637589672
0.7795795833333333
0.8590301501240695
0.8459680146197854
0.8511309190231362
0.8503620553691276
0.8544885613021703
0.8519417935021708
0.8359555366666667
0.8430722169184289
0.8412085036764706
0.8518380574308683
0.8503696410505167
0.8480453215615615
0.8466770215746031
0.8404138193942559
0.8475875708745876
0.8520357162089552
0.8401107459016393
0.8360401601423487
0.8331683056994819
0.8099552888888889
0.8285106197183099
0.8643014346330274
0.8558355084699454
0.8560078420576132
0.8308535072463767
0.864204858180058
0.8579652837939697
0.8541828851963744
0.8555054046491228
0.8556784594084651
0.8535390802924792
0.8533002513511452
0.8502962679856115
0.8457165852631578
0.83777787283237
0.8300408238341969
0.8081345593220337
0.8388285507246375
0.8198842982300886
0.8295679054054054
0.8345075424836601
0.8290466944444445
0.8498297689411765
0.859170399200533
0.8504198429942418
0.8434484296137339
0.8429198633540373
0.841992660381356
0.8520772503913306
0.8473337205882352
0.8521551185296324
0.8576753661124309
0.8522213633059846
0.8509106697253851
0.8441838721382182
0.8486350188622291
0.8261823437016574
0.8587732770358305
0.830172988
0.8219686976744186
0.8424175415
nan
0.8617356270833334
0.8503526735027224
0.8210390983606557
0.8582622317403066
0.8499873208012326
nan
0.8556379235294118
0.8588036294117647
0.8493001701641685
0.8541896252453167
0.8397224564547208
0.8422584905263157
0.8366957547169812
0.8240297365482233
0.8406399459459458
0.8417743359683795
0.8357517115167785
0.8376543268817205
0.8540875467713787
0.8497348468404587
0.8607397309417041
0.8560054968553459
0.8589333300153138
0.8508042015410959
0.8551607497517377
0.8413364121518987
0.8559939487611076
0.8507654596930423
0.8485967740237566
0.8430109020942408
0.8518647928610059
0.8518649176146178
0.8535576136968086
0.8513458704054052
0.8577479749132948
0.8164256805555555
0.8267593112582782
0.8295358563876651
0.848262541860465
nan
0.8654105255734919
0.8551255038770054
0.8492280439560439
0.862839549486977
0.8641123373305527
nan
nan
nan
0.8470400806142034
0.8366648705234159
0.8354441291793312
0.8439748238716356
0.8288503606217614
0.82484533
0.8217968716577541
0.8479464627212389
0.8432456136919316
0.8418595652173914
0.8555234382022471
0.8566032824485451
0.8549830638297874
0.8607619422614274
0.8564073397113402
0.8501938802919707
0.851229376264881
0.8518857063831978
0.8516876891534392
0.8536108995177818
0.8428167636833047
0.8406273246268657
0.848980191485944
0.8482497424804771
0.843880940343075
0.8401688402777778
0.8497420926506024
0.8452790516853933
0.8459526345381526
0.8381086577777779
0.8339861908396945
0.8631238898840885
0.8601769146841672
0.8596396113499569
0.859203204238921
0.863223214532872
0.8561836272620447
nan
nan
nan
0.8399922599388379
0.8377928814814816
0.8450617820267686
0.8266794938864629
0.8410672547770699
0.8426568521303258
0.8277408919148935
0.8362363720136519
0.8424634663551401
0.8427021508221226
0.8410190261044177
0.8345726458333333
0.8540082230694538
0.8517006835051547
0.8413953333333333
0.8497789988235294
0.8506753586448598
0.857288790916084
0.8480869248583569
0.8478748005668711
0.8486868179069768
0.8228200413793104
0.8494302064676618
0.8449179965269462
0.8447998222677594
0.7994736379310344
0.8406168408352669
0.8467186343881857
0.8428872010050251
0.8440789693654268
0.8440711418685121
0.8673385124875125
0.8552053922137405
0.8596019667781494
0.8615337167664672
0.8621421860792952
0.8609200300546449
0.8608010470324748
nan
nan
0.8434613763157894
0.8399805764705882
0.84974370846395
0.8364426363468634
0.8432232437357631
0.8468261429389312
0.8374821352380952
0.8452682140926642
0.8387646221804511
0.8357848990147783
0.8426185713701431
0.8451796488372093
0.8519854736583334
0.8477672976410258
0.8310832777777777
0.7420725
0.8463276785714287
0.8495998689759037
0.8559486725641026
0.8508433021684737
0.8436681129636576
0.8206377479674796
0.8476308625162127
0.8465069913736903
0.8502485615044247
0.8565727772177419
0.8277614295774648
0.8464983201581028
0.8361255115606936
0.8400499198113208
0.846853105063291
0.8615134521145975
0.85324756875
nan
0.8611188772112384
0.863470866798419
0.8607053440144015
0.8591556367137355
nan
nan
0.8536962636363638
0.860742235574468
0.8549572067345341
0.84478194295302
0.8405475914634146
0.8493693195286195
0.8369775754189944
0.8431059531531532
0.8504542639405205
0.8405617261904764
nan
0.8521214545241266
0.8468452684448463
0.8527439197431781
0.8200483863636362
0.8374502222222222
0.8541095054567024
0.8526893728852838
0.8442239469836956
0.8490084470950704
0.8471185252089268
0.8492368502024292
0.8437356628982529
0.8529837336851969
0.8530133166194523
0.8576424329241072
0.8308820418181818
0.8364381868512111
0.8442998456140351
0.8471762651685394
0.8482889161676648
nan
nan
nan
0.8567263687861272
0.8601829953095684
0.8634597985386221
0.8607717014134275
nan
nan
nan
0.8685395885780886
0.8637739192793931
0.8590594305336834
0.8482543917995443
nan
nan
nan
nan
0.8467579256017506
0.8509228636012366
0.853546299240163
0.8517550094715167
0.8269383690987125
0.8518061070640177
0.7896827361111112
0.850312842105263
0.7955307368421053
0.8502467876880986
0.8544635728045327
0.8562439062620838
0.8492114151365936
0.8511960620938629
0.85467808319202
0.8542716647109577
0.848209991607565
0.8461362957746478
0.8182137142857142
0.8372291747572818
0.847451559055118
0.8459140707692306
nan
0.8602243954198472
0.8579379343751724
0.857582442640076
0.8615499407965554
nan
nan
nan
nan
nan
nan
0.867335302739726
0.8709274411764707
0.8611476079077429
0.8640817462526765
0.8616547767253044
nan
nan
0.8627473181818182
0.8562539114242192
0.8520847321913763
0.8507333631600388
0.8449334849884527
0.8549888860447186
0.8576783231539425
0.8204226969696969
0.8431315357142857
0.8584903848133849
0.849204752351097
0.8496805570731707
0.8513491666666667
0.8568992237841043
0.8517312477228327
0.857765332682927
0.8535522704084637
0.8378003134575569
0.8376908608695652
0.8478157466216216
0.8501614632042253
0.8473671615201901
nan
0.8660259113249446
0.8657083959670027
0.8682829481515711
0.8661697611788617
0.8638876314432989
nan
nan
nan
nan
nan
0.865950260391198
0.869483124074074
0.8712790860655738
0.8686468807733619
nan
nan
0.859952498938429
0.8625450209693373
0.8566149626844014
0.8605149407525511
0.8506278220675945
0.8518937021321963
0.8593879654692355
0.8570048424068768
0.8431930105820105
0.8295641860465115
0.8260623857142857
0.835520506557377
0.8494755326322115
0.8543068246496817
0.8565065451542182
0.8565073169166166
0.8555401972477065
0.8558154411770834
0.8350196612529002
0.8572391882233503
0.8491775465116279
0.853994941011236
0.8514239903381644
nan
0.8724766764166666
0.8723327271980279
0.8740659367194005
nan
nan
nan
0.8701226826722337
0.874921512562814
0.8773748754448399
nan
nan
0.8711926521739131
0.8726260572556762
0.8684378237082068
nan
nan
0.8652892769230769
0.8655598563380282
0.8705041971713811
0.859038752154047
0.8628776555273189
0.8612946311675
0.8604829309372799
0.8610808
0.8608615678496867
0.8362329824561403
0.8116180000000001
0.8594803261609907
0.8652440272704478
0.8565067693293141
0.8573302360721443
0.8593335626884571
0.8584570316358024
0.8491698009828009
0.8385515776173283
0.8593091088190682
0.8616889354140127
nan
0.8543511735537189
