nan
nan
0.8529125
0.8655839999999999
nan
nan
nan
0.8688256666666666
nan
nan
0.8728075
0.8660064999999999
nan
nan
nan
nan
nan
nan
nan
nan
0.856153
0.8019441612903226
0.8727646331521738
0.8700827090464548
0.858772695257732
0.8606614634883721
0.8680943349168646
0.858503412520593
0.8665095032258064
0.8556421360189574
0.8531097213740458
0.8644076161369194
0.869368848655914
0.8553158915254238
0.8626852606232295
0.867949483076923
0.860564470760234
0.8688850763052209
nan
nan
nan
nan
nan
nan
nan
nan
0.8519736363636362
0.8905495
0.8830289
0.865858
nan
0.828443
nan
nan
nan
nan
nan
0.5542050000000001
0.0924275
0.860636
nan
nan
0.7669138333333333
0.8650015653333333
0.8633629248239436
0.8581053460000001
0.8599345962732919
0.8599768695652174
0.8474622462006078
0.8639170675675676
0.8449506000000001
0.8657700528571428
nan
nan
0.8642536229508196
0.8657113966789668
0.8652369476683939
0.8617874981751825
0.8516260167597766
0.8637562310756972
0.8543677222222223
nan
nan
0.8268759999999999
0.860146
0.799891
0.434411
0.9094303333333333
nan
0.8772472499999999
0.848049375
nan
nan
nan
0.429915
0.8253965
0.849669
0.8800152386831276
0.868563704109589
0.8992236666666668
nan
0.819569
nan
0.864684
0.8560498375000002
0.8577612775
0.8566009878787879
0.8522602038216559
0.8593203864628822
0.8594319335443039
0.8541033846153847
0.8649244849624059
nan
nan
nan
0.8670926830708661
0.8545511280276816
0.8662048615664846
nan
0.8675407708978327
nan
0.40046
0.9175543333333334
0.7493186666666668
0.8495793500000002
0.842193324
0.8673510000000001
nan
0.872905
0.8502913333333334
0.8590577142857142
0.7984052505882353
nan
nan
0.8553533333333334
0.8308434
0.8584821333333333
0.8573898788461538
0.8600371221122113
0.8578667709359606
0.8572470123762377
0.7301244
0.7902015454545456
0.8842295
0.642545
0.8529146459330144
0.8599190139150943
0.8557322210970465
0.84296953625731
0.853709488584475
0.8590391063529411
0.8620947268041237
nan
nan
0.8538798884297522
0.8651585156862746
0.8609595933179724
0.8511429016393443
nan
0.8662709829059828
0.8647612608695654
0.8501265454545455
0.8460996875
0.8688335217391304
0.8719612559139784
0.8631043230769231
0.884075
0.8530025714285714
0.885968
nan
0.8492937142857142
nan
nan
nan
nan
0.7275178333333333
0.7387516666666668
0.8195334999999999
0.8635058374384237
0.863290005
0.8619003051771117
0.8416214261363636
0.848738054978355
0.8540488761609908
0.807239
0.8506102608695651
0.8574671441241685
0.8583057448979592
0.8590740313901345
0.857905904
nan
nan
nan
0.8509313103448276
0.8709967896678967
0.8645454093264248
0.8579645321100917
nan
nan
0.8674853478260869
0.76586925
0.7487908181818181
0.82331516
0.870042662087912
0.8671242771084338
0.8704044285714285
0.8583256506024096
0.8622105145888593
0.847895
0.756644
0.8360783333333334
0.8865995
0.875567
nan
nan
0.874352
0.8394905
0.8478732692307692
0.8547219287334593
0.864141673611111
0.8517788229426434
0.863983487745098
0.843186705882353
0.8608996923076924
0.8479013896103897
0.8455232773770491
0.8586583389473684
0.8603859034907597
0.8545873136531366
nan
nan
nan
nan
0.8680225593896713
0.8661591710526316
0.8547638779527558
nan
nan
0.8538905692307692
0.8583849139465876
0.8697313333333332
0.82952475
0.8585929918367347
0.8593688633906634
0.8601555217391305
0.8531370413223142
0.8784968014814816
0.8680106848341232
nan
nan
0.8581733333333332
0.893991
0.8736506666666667
0.809601
nan
0.85193775
0.8664193832487309
0.8547468032520326
0.859120537914692
0.8591095009560229
0.853803622857143
0.8525911129330253
0.853186417704918
0.8574196285714286
0.8563365441527447
0.8517022445887447
0.858213491360691
0.8671276155115512
0.8591033547671841
nan
nan
nan
0.8693668253012049
0.8521649664772728
nan
nan
nan
nan
0.8607380723472667
0.8621850413223141
0.8644451428571428
0.861005118328841
0.867516494296578
0.8200328181818183
0.8570419918699187
0.8620833740053051
0.8649338647214854
0.8309464285714284
nan
0.8720155
0.832475
0.8351270000000001
0.4125155
nan
0.8828466666666667
0.8703888603351956
0.8624689138888889
0.8606401989247311
0.8586447359026369
0.8479275818574513
0.8582716953125
0.850152549579832
0.8523485216887418
0.8554832409727626
0.8471778421052631
0.8487274793103448
0.8611238679245282
0.8600941425661915
0.868397019125683
0.8621796485148515
nan
nan
nan
nan
nan
nan
nan
0.856827651800554
0.8576745341130604
0.8647508481375358
0.8553611999999999
0.871453676724138
0.8546671864923746
0.86345895
0.8697089378881988
0.8685083881278539
0.8639024615384616
0.854223
nan
nan
0.42882025
0.8750519999999999
0.790446
nan
0.8646750891719744
0.8626698679245283
0.8526218083969466
0.858765939849624
0.8548591682808717
0.848604736070381
0.851702641025641
0.852609488943489
0.8624758988095238
0.852032275
nan
0.8402003060714286
0.8531643211009174
0.8554958240740741
0.8641676415094338
0.8638100736196319
nan
nan
nan
nan
nan
nan
0.8573775237785016
0.8619997149122807
0.8577780279999999
0.8594208529411764
0.8557139541984734
0.8629555561643835
0.8700384240506329
0.8611240263852242
0.8590220773638968
0.8481768629310346
0.8398635000000001
0.8306437222222223
nan
nan
nan
0.830788
nan
0.8566186666666666
0.8429977222222221
0.8539899
0.84907775
0.849900604477612
0.8562117945854484
0.8563617025641026
0.8505535433333333
0.8415617037037038
0.8479181717791412
0.8533551576227391
0.8532580162601624
0.8542457909407666
0.8515576231939164
nan
nan
nan
nan
nan
nan
nan
nan
nan
0.8506383076923077
0.8567296211812627
0.8599504604519774
0.8555776678966791
0.8793123888888889
0.8743408032786886
0.8557342372262774
0.8182154255319147
0.8374204324324325
0.8614780000000001
0.8426902000000001
nan
nan
0.853453
0.8728946666666667
nan
nan
0.7245555
nan
0.8705812999999999
0.8579220707070707
0.8572219851351351
0.8601426084210525
0.8519756300813008
0.8435361025735295
0.851958854609929
0.8500999149797571
0.846868144871795
0.8520906840277778
0.8622657196819086
0.8584290787430684
0.8555194606205252
nan
nan
0.8625536266666667
nan
nan
nan
nan
0.8534505596330275
0.8647431523809523
0.859992549905838
0.855659990291262
0.8656131627408994
0.8655427284768212
0.8615851640625001
0.8771735
0.5754395333333334
0.8668772857142858
0.8184755
nan
0.786413
0.8636376666666666
nan
nan
nan
nan
nan
0.8428162857142858
0.8685959912959381
0.8616231758241758
0.8532930628465804
0.8513748805668016
0.8453138538899432
0.8540551454849498
0.8574658238341969
0.852289483018868
0.8487343940886698
0.8508198624020888
0.8600146547085201
0.8545649575
0.8591773390804598
nan
0.8594288558823528
0.8585790148809525
nan
nan
nan
nan
0.860955077922078
0.8579483294346978
0.8627133837719299
0.8656393188647746
0.8568211639871381
0.865984852398524
0.8489825
0.8774571666666668
0.8637716249999999
nan
nan
0.8022486666666667
0.838844
nan
nan
0.8464240000000001
0.8890015
0.8288845
nan
0.81113975
0.8419765683060109
0.8640866272545089
0.8653550208816705
0.8612562209567199
0.846133635220126
0.8626028817204302
0.8454566228125
0.8464231414473684
0.8498349389830508
0.8486121789473684
0.8595996274038461
0.856863189624724
0.8562263821721311
0.8546009623430963
0.8593764698581561
0.859487053030303
nan
nan
nan
0.859023997229917
0.859163694600432
0.8621119581497797
0.8631174322115385
0.8577339760869565
nan
0.8714856382978723
0.8642059355828221
0.8650994637681159
0.8833089999999998
0.8598205000000001
0.8850705000000001
0.854362625
nan
nan
nan
0.890518
nan
nan
0.775396
nan
0.8231435405405406
0.8575904428198433
0.8585438431876607
0.8554842445820434
0.8601819306930694
0.8590674010840107
0.8600127085106383
0.8502638851174934
0.8587697730769231
0.8472819867977528
0.7890090000000001
0.8590738606965174
0.8506227335064934
0.8593329959139784
0.8634398904159132
0.8600875101580135
0.8611258104838709
nan
nan
nan
0.8495622943925234
0.8595529734693879
0.8581394666666666
0.8645043827160495
nan
0.8593698146853147
0.8685115436105477
0.8658495847953217
0.8019301079999999
0.859087375
0.8822229752650176
0.851632
nan
0.8304325
0.876366
nan
nan
0.8647355
0.7920726
nan
0.7613256666666667
0.834977125
nan
0.8507949230769232
0.8407592488505746
0.8493415229885057
0.8608843601609658
0.8588895357142858
0.8614926051587302
0.8544961333333333
0.8364632000000001
0.8659856618055556
0.8617709877712032
0.8532697276995306
0.8616846334841628
0.8651949325581395
0.8503107283018867
nan
nan
0.8525140047058822
0.8683235087281795
0.855948415
0.8583720354639176
nan
nan
0.8640063
0.8687730273972604
0.8609320022624435
0.866335429065744
0.8518733749999999
0.7876324999999998
nan
0.8698527
nan
0.8363074285714286
nan
0.8446582999999999
0.8737499959349594
0.8528266993939393
nan
nan
0.8120395
nan
0.860942
nan
0.866357
0.85380572
0.8410699999999999
nan
nan
0.784482
0.7798457272727273
0.8544844444444445
0.8541890322580646
0.8650608348968104
0.8601071687763713
nan
nan
nan
0.8625706380952383
0.8645673001876173
0.8710330435571688
0.865213774853801
nan
nan
0.8694234799999999
0.8473827314606741
0.8651414302325582
0.8635705925925927
0.8626693010033446
0.849096
nan
0.8182072
0.8507424444444445
nan
0.864773
0.8588247199999999
0.869185515711645
0.8441163559322034
nan
0.824017
0.8524000714285714
0.8405099999999999
nan
0.4056415
nan
nan
nan
0.8332876666666666
0.849597
nan
0.7941533076923076
0.8601309599156117
0.8670163160173159
0.8625547878787878
nan
nan
nan
nan
0.8651808192090394
0.8649987080291971
0.8609261281249999
nan
nan
nan
0.8586146666666667
0.8257555384615384
0.8636325921908893
0.8729861565217392
0.8927736666666667
nan
0.830431
0.8836926249999999
nan
0.8738239999999999
0.8032647924528302
0.8682410998080614
0.8687343699421965
0.7681265
nan
0.74453
0.8602269364161851
0.8553392323651452
0.888732
0.7905161
0.82824236
0.8556136779141105
0.8452745151515151
0.8440660444444446
0.8518473277173912
0.8693585501022495
0.8686293319587628
0.8683118578199052
nan
nan
nan
nan
nan
nan
nan
0.8683152546816479
nan
nan
nan
nan
0.8743337999999999
0.8705905335195532
0.8685335322647058
0.8600165454545455
nan
0.8499775
0.7358065
0.84961
nan
0.64217017
0.854628696969697
0.8634497800420169
0.8653016
0.8455343913043479
nan
nan
0.8629046138279932
0.8602092945859874
0.8616043418972332
0.8561492711864408
0.8627311000000001
0.8603579477726575
0.8516506388888888
0.8531984758547009
0.8656803633540374
0.8537419764705882
nan
nan
nan
nan
nan
nan
nan
nan
nan
nan
nan
nan
0.8596784051724137
nan
0.8790241712328767
0.8781854434782609
0.858005
0.894605
nan
0.871655
0.750487
nan
0.874739
0.8579306907070708
0.85529223138833
0.8582530021459227
0.8599433805825242
0.8176491428571427
nan
nan
0.8599033346855984
0.8609929806262232
0.8596040074712643
0.8596109150326796
0.8566965322834645
0.864340772102161
0.857147637195122
0.8679302709418838
0.863818220338983
nan
nan
nan
nan
nan
nan
nan
nan
nan
nan
nan
nan
nan
0.8876206464968154
nan
0.878762508379888
0.8548675
nan
nan
0.8702776
0.8943135
nan
0.78371
0.736125375
0.8544066994047619
0.8640017734982333
0.8538184424307037
0.858372400387597
0.8545825694444444
nan
nan
0.8453910512195121
0.866122101910828
0.8614677175043327
0.8580308494661921
0.8622937906976745
0.8567196666666668
0.864378789373814
0.8629574345991561
nan
nan
nan
nan
nan
nan
nan
nan
nan
nan
nan
nan
nan
nan
0.8860814825870647
nan
0.872537071129707
0.84894475
nan
nan
nan
0.891091
nan
0.8556775909090909
0.8502112634693877
0.8556345538752362
0.8554715906574394
0.8547903137214138
0.8609295277246652
0.8600290072992701
nan
0.6952334
0.8580068571428572
0.8562473658088235
0.86023824671916
0.8561672468438537
0.8629198613518198
0.8582593434343435
nan
nan
nan
nan
nan
nan
nan
nan
nan
nan
nan
nan
nan
nan
nan
0.8734717777777778
0.8912583546099291
0.891642173126615
0.4498435
nan
nan
0.910307
0.909395
nan
0.8049666
0.8601045255696201
0.8522583688442209
0.8561301276292336
0.8472876556818182
0.8463164299065422
0.8634315115044249
0.8620599359267734
0.8683845
0.8472435
nan
0.8682349999999999
0.8577960999999998
0.8585262922636103
0.8655481138613862
nan
nan
nan
nan
nan
nan
nan
nan
nan
nan
nan
nan
nan
nan
nan
nan
nan
nan
0.8853850064102565
0.8612495
0.8470505
0.858078
0.914607
nan
0.6904618
0.8538645423728812
0.8665837953890491
0.8653119709401709
0.8538112411764706
0.8396452732843137
0.8412956742424242
0.8616627712031558
0.8625244958158995
0.8220426216216216
nan
0.855888
0.838229
0.8490371551724138
0.861516408318264
0.8556539281045752
nan
nan
nan
nan
nan
nan
nan
nan
nan
nan
nan
nan
nan
nan
nan
nan
nan
nan
nan
nan
nan
nan
nan
nan
0.8450602727272728
0.7590662625
0.8552621590909092
0.8541281444444445
0.8541126805054152
0.8519201144578314
0.8461062834394905
0.849646876848249
0.8577239287330317
0.7957105384615384
0.917011
nan
0.8738545
0.8115629333333333
0.8672592568578553
nan
nan
nan
nan
nan
nan
nan
nan
nan
nan
nan
nan
nan
nan
nan
nan
nan
nan
nan
0.8829797831632652
nan
nan
nan
nan
nan
0.8149455000000001
0.8596768677042801
0.8547900302186878
0.8543784402985075
0.8592610650994574
0.8508047229099307
0.8550131666666667
0.8525802292682928
0.8633005733082706
0.8405654375838926
0.8642712222222222
nan
nan
0.8648378666666667
0.8544369447513811
nan
nan
nan
nan
nan
nan
nan
nan
nan
nan
nan
nan
nan
nan
nan
nan
nan
nan
nan
0.8654853737024222
nan
nan
0.8099882
nan
0.8383366000000001
0.8460602081447964
0.8629045164233576
0.855920865707434
0.8541807314285714
0.8498007440633245
0.8403217450980393
0.85939158
0.858001036637931
0.8499010460055098
0.7708969
0.8535168000000001
nan
0.8790933333333334
0.859933648989899
0.8714453791469193
0.8575538513513514
0.8657191349480969
nan
nan
nan
nan
nan
nan
nan
nan
nan
nan
nan
nan
nan
nan
0.8564190863636363
nan
0.8530389396610171
0.8754434469178082
nan
nan
nan
nan
0.784313875
0.8496402797202796
0.8663199493006992
0.8553208688172043
0.8435117664041994
0.8424888372434018
0.8493728211267605
0.8562030493273542
0.8437258724899598
0.8585826565656566
0.8577766
0.818671
0.8790413333333333
0.7602057857142857
0.8589158253968253
0.8614591603053435
0.8563325889145497
0.8751371533477321
nan
nan
nan
nan
nan
nan
nan
nan
nan
0.8733173491124262
0.865417265
0.8729402100313479
nan
nan
0.8679610574712645
0.8634109058577406
0.8606343662480378
0.8698261853658535
nan
nan
nan
nan
0.8653115
0.8601192363636363
0.861602900900901
0.8500194966887419
nan
nan
0.8502503900523561
0.8582837876470588
0.8552341605960266
0.8524881855203619
0.87827675
0.4826666
0.8575068625429553
0.8717413521444696
0.8605089484184915
0.8661063502673796
0.8626168851351352
0.8657687857142857
nan
nan
nan
nan
nan
nan
nan
nan
nan
nan
0.8708004075144508
0.8610283411214953
0.8591705770609319
0.8527414407216495
0.8608280116935485
0.8569386966580977
0.8636088563968669
0.8627638311195447
nan
nan
nan
nan
0.846438
0.861816528409091
0.8595917672330097
0.8496981495327103
0.8482072138554216
0.8477865468401486
0.8502113862660945
0.8586036611418048
0.8559602733333335
0.8535641666666668
0.8569786958333334
0.8664678350305498
0.8630622569169961
0.859903601139601
nan
0.8576398326359833
0.8650854258064515
0.8703058879310344
nan
nan
nan
nan
nan
nan
nan
nan
nan
nan
nan
0.8631990301886793
0.8591640986842105
0.8497200354223434
0.8540890137795275
0.8617906681514478
nan
0.8571258997690531
nan
0.833381
nan
nan
nan
0.8589578553299493
0.8612317368421053
0.8545517779443255
0.8485140218978102
0.8534467269155206
0.8538424760479041
0.8525197680809858
0.860800362850972
0.8671508057692309
0.8568733537735849
0.8512680039215685
0.8633457415966387
0.8679036997578693
nan
nan
nan
0.8642127178423237
0.8799695127118644
nan
nan
nan
nan
nan
nan
nan
nan
nan
nan
nan
nan
nan
0.8512167448818897
0.8541956172839505
0.8615900739726027
0.8624023986710964
0.888600111111111
0.8505475000000001
nan
nan
0.852994
0.8626349898648649
0.8602596010830325
0.8563149597156399
0.8572166753472222
0.8616921393129771
0.8504815267686424
0.8599518138613862
0.8546826732824427
0.8572557570621469
nan
nan
nan
nan
nan
nan
nan
nan
nan
nan
nan
nan
nan
nan
nan
nan
nan
nan
nan
nan
nan
0.8545486268656716
0.8535031605898123
0.8531924201954397
0.8631400215481171
0.8676653670634921
0.93584
0.8732442
nan
nan
0.864229
0.8474280446428573
0.8592946686626746
0.8618081046770601
0.8558296222429906
0.8569103678646934
0.8430542158360654
0.847804047008547
0.8599315460704606
nan
nan
nan
nan
nan
nan
nan
nan
nan
nan
nan
nan
nan
nan
nan
nan
nan
nan
nan
nan
0.8648599830028328
0.8643318616352201
0.8655346402877697
0.8640493318485523
0.8625864817708333
0.8633178312655088
0.828618225490196
0.76406
nan
nan
nan
nan
0.8522621666666668
0.8611855763440861
0.855787152027027
0.8544352363315696
0.8514518525896414
0.8463064615023473
0.8569213189300411
nan
nan
nan
nan
nan
nan
nan
nan
nan
nan
nan
nan
nan
nan
nan
nan
nan
nan
nan
0.8674665029154518
0.8717286313131314
0.8570115300353357
0.8565575848563969
0.8554466048387097
0.8433886610169492
0.8409972142857143
0.894609
0.851414
0.8447180000000001
0.8232855
nan
nan
nan
0.8401790714285714
0.8594129696261682
0.8642031981308411
0.8597137711670482
0.8150646666666667
0.8520055208333334
0.8602475960612691
nan
nan
nan
nan
nan
nan
nan
nan
nan
nan
nan
nan
nan
nan
nan
nan
nan
nan
0.8893767937649881
0.8654559297520661
0.8657781870967741
0.8578528159509202
0.855405441943734
0.8638707759472817
0.8616343140794224
0.8531853333333334
0.874546
nan
0.856989
0.8343285
nan
nan
nan
0.841338
0.8342321111111112
0.8351218888888889
0.8671426
0.8344823222222223
0.8591759038854805
0.8623921146788991
0.8618049790209791
nan
nan
nan
nan
nan
nan
nan
0.881911268939394
nan
nan
nan
nan
nan
nan
nan
nan
nan
nan
nan
nan
nan
0.862127629032258
0.8541160731707317
0.8608515718015667
0.8516146190476191
0.8304550588235294
0.838336
0.8757780145985402
0.8313325
0.882981
nan
nan
nan
0.7236055
0.823144375
0.8578191781893005
0.8685361267217631
0.858340103125
0.8621130734177216
0.8492049290123457
0.8474213732558139
0.8596542063636363
nan
nan
nan
nan
nan
nan
0.8732292991266376
0.8795451807692307
0.8752043303571428
nan
nan
nan
nan
nan
nan
nan
nan
nan
nan
0.8578689131736527
0.8631261897106111
0.8565170031372549
0.8279773157894738
0.8585638000000001
0.8461449333333333
0.8778835171755726
0.8489792727272728
0.8849644999999999
0.893624
nan
nan
nan
0.8406320344827585
0.8713743393316195
0.8544717396694215
0.8649979360613811
0.8603703869801084
0.8617847376940133
0.8622471761517616
0.8646884718875503
nan
nan
0.8609998133333333
0.8687875277777778
nan
nan
nan
0.8657591220159151
nan
nan
nan
nan
nan
nan
nan
nan
0.8495312512820512
0.8618779207161125
0.8630565844504022
0.8614416333333333
0.8677676624999999
0.84395316
0.7962291666666665
0.8386701176470589
0.872329030690537
0.871714626146789
0.861396168918919
0.79282575
0.865559
0.836706
nan
0.819722
nan
0.8628166732673268
0.8515018750000001
0.8803015000000001
nan
0.8564697352941176
0.8828125
0.8572426135770236
nan
0.8704392365930599
0.8670901152647976
0.8633214636871508
nan
nan
nan
0.8658363165266106
nan
nan
nan
nan
nan
nan
nan
nan
nan
0.8644134964539009
0.8577031561822126
0.8528525419354838
0.8016791111111111
0.8616123333333333
0.8773718
0.8639777138364779
0.8787147713310581
0.8681995307820299
0.8663420466019418
0.8476601388888888
0.8655787894736842
0.85160225
0.8945879999999999
nan
nan
0.8694775
0.898103
0.8676727333333333
0.8463988645418328
0.8649180894052044
0.8502723698630138
0.8583514664107484
0.8613779839181287
0.8674236968750002
0.8636584144927536
0.8560376601123596
nan
nan
nan
0.8651773891752579
0.8643137210300429
nan
nan
nan
nan
nan
nan
0.8616157889908257
0.8629681798245614
0.8570535896551723
0.867264131147541
0.8576521142857143
0.8161679999999999
0.8704526666666667
0.8465459931818182
0.8674018497854078
0.8594463838630806
0.8647228397129187
0.8547790884334203
0.8488681960573478
0.8522759683333333
0.82862225
0.8479979999999999
nan
nan
0.857094
0.8400573333333333
0.8565100234957019
0.8539257112903225
0.8514212980132451
0.8580935861381075
0.8630190651260503
0.859095918918919
0.8632776173913044
0.8627125243445694
nan
nan
nan
0.864395637735849
0.8639481108312342
0.861503395953757
nan
0.8508500455445545
nan
nan
0.8681609407407408
0.8532784611721611
0.8604523091922005
0.8595241255411256
0.8606500730223124
0.8074428205882354
0.8374476818181819
0.914537
0.8590090039215684
0.8567264788343558
0.8653450150753769
0.8659013467741936
0.8603610905511812
0.8616990364238412
0.8628042739018088
0.8631077744755244
0.8602156108786613
nan
nan
0.890444
nan
0.912603
0.8434481428571428
0.8581444070796459
0.8567872224448898
nan
0.8585420088691796
0.8655492209072978
0.8550984376899697
nan
nan
nan
nan
0.8578296826086957
0.8677453836589698
0.8623346294820716
nan
0.8605950820312499
nan
nan
0.8655547872340426
0.8618391057279235
0.8626918455172414
0.8638018434306569
0.8299170697674418
0.8410984074074073
0.835426
0.8578955512528474
0.8635306381918819
0.8645012483221476
0.8631538312020461
0.8596657224334601
0.8675207519999999
0.8612438461538462
0.8629605982905983
0.8688116953405017
0.8669077754237289
0.8219153333333332
0.8271676000000001
0.850009125
0.8325318181818182
0.8643775
0.8091944
0.8492286666666665
0.8603093801094891
0.8537582522522523
nan
nan
nan
nan
0.8545608565891473
0.8686252582781457
nan
0.8596409148264984
0.85943958
0.8521394363636364
0.8551668306878307
0.8625087699530517
nan
nan
0.8558254041297936
0.8632227824351297
0.8420907684
0.8313534
0.8724366
0.766217457142857
0.8491445771144279
0.8590860381679389
0.8587836982097187
0.8589270064935066
nan
nan
0.8641635671936758
0.8536471561181433
0.8606753821656051
0.8601895361930294
0.83634665625
0.824057
nan
0.8661323761261261
0.8558428575581395
0.8678694292134832
0.84500625
0.84474
0.8151936
0.8608836529080675
0.8575458869565217
0.8570379978328173
nan
0.848236380876494
0.8582510843902439
0.8419838993079585
0.8533862074074073
0.8438111764705883
0.8552772960151802
0.85070426010101
0.8453906844444444
0.8473254191919192
nan
0.856358715909091
0.8585843178217822
0.8649864693877551
0.8536877481481481
0.8457103333333333
0.850136923076923
0.8561068852941177
0.8593783057851239
0.8590814864341084
0.8635654693396227
0.8602097282157676
0.8606864261168385
nan
0.8675545978233438
0.8625700895883777
0.8584295452322739
0.8658654285714285
0.8516972075471698
0.822302
0.8420179259259258
0.8557508914529913
0.8656189364754099
0.8674563745247149
0.8531120201612903
0.897386
0.816993
0.8489707120253165
0.8607101642105264
0.8615472827442827
0.8550449780701755
0.8594290727272726
0.859748644524237
nan
0.8590804227941176
0.8597596507936508
0.8588326711409396
0.859814849921011
0.8543451936507936
nan
0.860697897810219
0.8584961853896104
0.8615176498168498
0.8354109101123597
0.8645160000000001
0.8295999999999999
0.84570128
0.8682229685767098
0.8611987375643224
0.8570276759002771
0.8561203109756097
0.8666738935742971
0.8584822892156861
nan
0.8667483749999999
0.8654729344827585
0.79479575
0.858374752293578
0.8541532578616351
0.9064905
0.8444338787878789
0.8624850175965665
0.8497425657381615
0.8658904354527939
0.8585416480769231
0.8240875882352942
0.7694606666666667
0.8904403333333333
0.8640345644268775
0.8569229880566802
0.8524026061571126
0.8540533079847908
0.8625757632743362
0.8394989037542662
0.847801005988024
0.8491881469565218
0.8584953184713374
0.8534097463556851
0.8556272352941177
0.8437936682464454
0.852449829787234
0.8632551355311354
0.8503816557863502
0.86893675
0.816135
0.8617128755760368
0.8588923438113949
0.8596933501216545
0.8516158189274448
0.8625834753363228
0.8589623910034603
0.8608315661375662
0.8600717339449541
nan
0.8618414878048781
0.8504323559322033
0.8636157243107769
0.8656686835699798
0.8657394
0.860902
0.8501824444444444
0.8549105422969188
nan
0.8573348877005347
0.8558273758389262
0.8656525303867404
0.8430149574468083
0.8625555
0.8415314074074074
0.8362890588235293
0.8553113636363636
0.8452458545454546
0.8519340569800571
0.8525498025862069
0.8373637053811659
0.8540563280542987
0.855059772673077
0.85291806196868
nan
0.8539314326860842
0.8526572316554054
0.8626252870905589
0.8380705624999999
0.8364696
0.8382132093023256
0.8576739471264367
0.8563529716312057
0.8592288896186441
0.861327066246057
0.858383792
nan
nan
nan
nan
0.8587013862815883
0.8621405937708333
0.8603569338394794
0.8541918989361702
0.8475086842105264
0.819484
0.8574702857142856
0.8639641434402333
0.857656212034384
nan
nan
0.8631311818181818
0.8690366331967213
0.8621215843881858
0.8621524041869159
0.8510462231638419
0.8558570602209945
0.8649114366515837
0.8469727244897961
0.8446576970250895
0.8607224809027778
0.8538268915294116
0.8559669946996467
0.8579196373239437
0.8539815574468086
0.8583919180084746
0.8570741213991768
0.8549149302325582
0.8889579999999999
0.8515017142857145
0.8576166124481328
0.8578887274590163
0.8507774387351779
nan
nan
nan
nan
nan
nan
nan
0.8629941880165289
0.8655339648199446
0.8602250371621623
0.802872888888889
0.8499264285714286
0.8604428181818183
0.8474142208333333
0.856288463483146
0.8651668783783782
0.8566295873786409
nan
nan
nan
nan
0.8633448561872911
0.8616893088888888
0.8636050798319327
0.8562171502487562
0.8416095770392751
0.8580576626213593
0.8620697040816326
0.8610981663113007
0.8610959471088436
0.8466314607142857
0.8553215752808989
0.8543059168704158
0.8523456081967213
0.8452938571428571
0.8139015186153847
0.8404243788235294
0.857731234516129
0.8535806759002771
0.8631861552511415
0.8506922944444445
nan
nan
nan
nan
nan
nan
0.8662697431034483
0.8532071358757063
0.8604709754385964
0.8458374666666667
0.8544150245614035
0.8579013502538072
0.8580312404517454
0.8680194989858013
0.864183197826087
0.8609192295805739
0.8549923849557521
nan
nan
nan
0.8583944197952217
0.857861079787234
0.8538301858108109
0.8568455192802057
nan
0.8529920855018588
0.855823138211382
0.8517655608074534
0.8609639443413729
0.8500713772151899
0.8489302632411068
0.840796105263158
0.806079875
0.856699982142857
0.853699
0.8604337823129252
0.8544806417508418
0.8551652584269663
0.8455383125
0.8582526870588235
0.8608003479729729
nan
nan
nan
nan
nan
0.8527293508951406
0.8485417979591836
0.8505372474916387
0.8563595925925925
0.8541215109289617
0.84636151590106
0.85064840397351
0.8572025820895521
0.856589195377129
0.8651781405750798
0.8593390544747082
nan
nan
nan
nan
nan
nan
nan
nan
nan
nan
0.8516301980676327
0.8511436587096773
0.8511972214532871
0.8474091720000001
0.755855925
0.769450625
0.85884337150838
0.8608269333333333
0.8542545783475785
0.851185254192229
0.8489262620689655
0.8521279526627218
0.8502162156862746
0.8452572517543859
nan
0.8579953956043954
nan
nan
nan
nan
0.8562009396135265
0.8380049943661971
0.7861692272727274
0.8584821947483589
0.8426479580729166
nan
0.8533841913043478
0.857580494618834
0.8594571802721088
0.8672086823104694
nan
nan
nan
nan
nan
nan
nan
nan
nan
0.8621050893470791
0.8576195498783455
0.8526305227560521
0.8574037980148884
0.8580234684512428
0.8547399910669976
0.8442731003861004
0.857000273878327
0.8606142264529059
0.8460377363344053
0.837071868
0.8593763752455796
0.8611961519699813
0.8568726659292036
0.8664305572687225
0.8581868243626063
nan
nan
nan
nan
nan
0.8677880163265307
0.8564790891089109
0.8449823043478261
0.8508086914660832
0.855280703583062
nan
nan
nan
nan
nan
nan
nan
nan
nan
nan
nan
nan
nan
0.8602195607407407
0.857743770212766
0.8598569164882227
0.8591020356612183
0.8550642085308057
0.858737003076923
0.8517873185897437
0.8497877630025445
0.8589750218579234
0.8539563233256351
nan
nan
0.843342252788104
0.8590386219512196
0.8513935030674845
nan
0.8573276499999999
nan
nan
nan
nan
0.8631780862068965
0.8643644707259954
0.8603588524809161
0.854979063424947
0.8619423395348836
0.8595200560928433
nan
nan
nan
nan
nan
nan
nan
nan
nan
nan
nan
nan
nan
nan
nan
0.8647503025210083
0.8595360037593984
nan
0.857324352173913
0.8460744176211453
0.8611805696649031
0.8481955280898877
0.8520408534482758
0.8350640289256198
nan
0.8618946082802548
0.8534864492307693
0.8519635046822742
nan
nan
nan
nan
nan
nan
0.8592980304182508
0.8616019043927649
0.8618334358208956
0.8538256052009456
0.8539190620467836
0.8584951397058823
0.8506470656804733
nan
nan
nan
nan
nan
nan
nan
nan
nan
nan
nan
nan
nan
nan
0.8555195717948717
0.8514105765765766
nan
nan
nan
0.8575784938574939
0.860812760279441
0.8472379933333334
0.8501915597826087
nan
0.8568667475728156
0.8557719383753501
0.8486433024844721
0.8660539570200574
nan
nan
nan
nan
nan
0.8597289563492063
0.8532772707423579
nan
0.8607190172413793
0.8594377224877252
0.8664236203522505
0.8579293573487031
nan
nan
nan
0.865431234139785
0.8602728070707071
nan
nan
nan
nan
nan
nan
nan
nan
0.8549093393939394
0.8574238150684931
nan
nan
nan
0.8561906759776536
0.8584022203947368
0.8528396278409093
0.8579578607438016
0.8551527007575759
0.8593289819004524
0.8461499682539684
0.8563159316964286
0.8595847738095239
0.8485084113475179
nan
nan
nan
nan
nan
nan
nan
nan
0.8488133734375001
0.8653491984306569
0.8663293678756477
0.8588982017543859
nan
nan
nan
0.8682637395209581
0.8751182863636364
0.8534718849206351
nan
nan
nan
nan
nan
nan
0.8605280666666668
0.861553643533123
0.8565905588235294
nan
0.8479275674157303
nan
nan
nan
0.8651014746666666
0.8631275515587529
0.8573024440559441
0.8559787427536232
0.8510174613466335
0.8575942722891567
0.8596244150110375
nan
nan
nan
nan
nan
nan
nan
0.8560144133333332
0.8634571949860724
0.856803615
0.8591087871794871
nan
nan
nan
nan
nan
nan
0.8725272054176072
0.8689361359832635
0.8605821987951808
0.8709895895953756
0.8661438201892744
nan
nan
0.8548832794612794
0.8628985928961748
0.8586904189830508
0.8647543315508021
0.8504362180124225
0.8608489358974359
0.8619366148148148
nan
nan
0.8505995032786885
nan
nan
0.8534578411552347
0.8564394811529934
0.8456718147899162
0.8598451221995927
0.8455144018115942
nan
nan
nan
nan
nan
nan
0.866683285326087
0.8643067006960559
0.8681950247191011
0.867498652542373
0.8555890444444445
nan
nan
nan
nan
nan
0.8668747583892616
0.8727474928425358
0.8704384775280899
0.8695185309917356
nan
nan
0.855226356617647
0.8617439326599327
0.8596485948103793
0.8631828336874051
0.8490339258687258
0.865478461722488
0.8714343129496402
nan
nan
nan
nan
nan
0.8582694463519313
0.8631966795100222
0.8586293478142076
0.8594296533210332
0.8656660238095238
0.8617198873300971
nan
0.8686955066666667
nan
nan
nan
nan
0.8758011135646688
0.8729713096446701
0.863710875
nan
nan
nan
0.8717926382978723
0.862787965116279
0.8741475296703297
nan
nan
0.8648542025316456
0.8648826453333335
0.8671467440944881
nan
nan
0.869158300395257
0.8646741008968609
0.8670057533936651
0.8564523803191489
0.8577872874747475
0.8678528991596639
0.8681360253968254
nan
nan
nan
nan
0.8660483058823529
0.8510721866295263
0.8687383147826088
0.8662287880000001
0.8632327813333331
0.8637597925
nan
nan
0.8706074854368933
0.8835721339285715
nan
nan
