nan
nan
nan
0.7436699130434782
0.8770475710843373
0.8789436938110747
0.8579366611570248
0.8630498186528496
0.8575995696202532
0.8747928245125349
0.8790405718232043
0.8767989768211922
0.8645191269035534
0.8033914
nan
nan
nan
0.8349506666666667
0.721926
0.8693919407407409
0.8826645000000001
0.7762614285714287
0.939535
nan
0.8917106
0.8752840240384615
nan
nan
nan
0.8680261695454545
0.882671150406504
0.8690410477044853
0.8713843995762711
0.8841000078534031
0.8815323731981982
0.888425
nan
nan
nan
nan
nan
nan
nan
0.8709722485981307
0.8711853085501858
0.840910212962963
0.8606048289236112
0.8347968579245284
0.8520344957081545
0.859820574074074
0.839744037593985
0.8497733355704699
nan
0.8283726666666666
nan
nan
nan
nan
nan
nan
0.8198235
nan
nan
0.873947
0.8856116781609195
0.8775299307692308
nan
nan
nan
0.8408108125
0.842597525862069
0.8525671908396947
0.8416442258064517
0.8524379551020409
0.8429590990990989
0.7812014999999999
0.929148
nan
nan
nan
nan
nan
nan
0.8150337441860466
0.8747509442542786
0.846868109090909
0.8508496603773585
0.8245177061403508
0.835142265895954
0.8220754597916667
0.849422477739726
0.8467721516587678
0.8172310277777778
0.85756884375
0.8637786647239265
0.8194038181818182
nan
nan
nan
nan
nan
nan
nan
0.8305533272727272
0.8846520032786886
0.825501603448276
nan
nan
0.8418317049180328
0.8592796371681415
0.8277847252747254
0.8481091767441862
0.8675140868421053
0.8378520399999999
0.86491285
0.8721046666666666
nan
nan
nan
nan
0.56507
nan
nan
nan
nan
nan
nan
0.8022349605084746
0.8306249736842105
0.8193480304347824
0.8269648393782384
0.8179621975308642
0.8323609583333332
0.8679705304347826
0.8738729893899204
0.8773594357976654
0.8629216923076923
nan
nan
0.8770967635933806
0.8328027704918033
0.7631198571428571
0.911821
0.69703925
0.8783959715025906
0.8807673456521737
nan
0.8195679333333334
0.8623119178082193
0.8754301349862259
0.8309010105263155
0.8233973644067797
0.8553710795053004
0.8656428252252252
0.8600865371428572
0.8581263304347826
0.891993
nan
nan
nan
nan
nan
nan
nan
0.8182442904761907
0.8414513489626555
0.854201175925926
0.8413570466321244
0.8499487596566523
0.8540208256410255
0.8472222329317268
0.8616131656804734
0.8490365235294117
0.8592188632075473
0.8757524874551972
0.8502174268656716
0.817278170212766
0.7467280000000001
0.8579307949790794
0.8771878112094396
0.8441671847826087
0.7165595
0.8349778965517239
0.869550453815261
0.8729612004115226
nan
nan
0.8224640470588237
0.8588945196850393
0.863302229299363
0.8499888342245988
0.8416593676767676
0.8548697018867926
0.8003799757575758
0.8277091999999999
0.8779171666666666
nan
0.727104
nan
nan
nan
nan
nan
0.8417619999999999
0.8755275109170304
0.858970338235294
0.8168439304347825
0.8516143487544484
0.8172290547945205
0.844245975609756
0.8088798888888888
0.8301940909090908
0.8366531428571429
0.8314339999999999
0.8450931578947367
0.656056223076923
nan
0.8377625499999999
0.8591623902542372
0.8523637196969697
0.8399339317829457
0.8581453365384616
0.8781850746268657
0.848452657142857
0.8309608731343284
nan
nan
0.8441167205882353
0.8647618260869565
0.8660669610778442
0.8733668984126983
0.8486194292452829
0.8558842470588236
0.816969642857143
0.779058
nan
nan
nan
nan
nan
nan
nan
nan
0.8626677045454545
0.8623171184834122
0.8548210117647058
0.8625178466898954
0.8392781213872833
0.8484345478547854
0.8328196603773584
0.8303478085106383
0.8465300703124998
0.8567369788732395
0.8463152439024391
0.8274114455445545
0.8271117368421053
0.8486707931034483
0.83827951
0.8419588571428571
0.8523118703703703
0.8406009963730571
0.8783986618705036
0.860271659090909
nan
nan
0.835280456140351
0.8755626176470588
0.8238426598360654
0.8521041365517241
0.84563489
0.8429279571428571
0.8497268181818184
0.869011475409836
0.840881
0.8591986
nan
nan
nan
nan
nan
0.728876
nan
nan
0.822627
0.8730820689655173
0.8775452297872339
0.8320233559672129
0.8323221666666666
0.8461727687861271
0.8454972916666667
0.8411755451677853
0.8484679252873564
0.8204693854166667
0.832426388888889
0.8637255211267606
0.8477823295454546
0.8623458520270271
0.8359246736842105
0.8268500943396228
0.851525993939394
0.8414072376237623
nan
nan
nan
nan
0.8489154206896552
0.8462795341614906
0.8503022553191489
0.8591767622377623
0.849061083916084
0.8685587499999999
0.8374026999999999
0.781214
nan
0.8442603333333333
nan
nan
nan
nan
nan
nan
nan
0.296765
0.7949055
0.8624401749999999
0.8611317499999999
0.8425728648648648
0.8716196666666667
0.796323609090909
0.8268340044554456
0.840361712
0.8434372827476038
0.847652312
0.8350543850931678
0.8329105564516128
0.824925617886179
0.8614909714285715
0.8590386350710901
0.847604663414634
0.879285392026578
0.8415150000000002
nan
nan
nan
nan
0.8303439305555556
0.8407656
0.8468685766871166
0.8617464505494503
0.872662
0.791625
0.8142869999999999
nan
nan
nan
nan
nan
nan
nan
nan
nan
nan
0.870857
0.8168268888888889
0.8434312
0.8342525252525252
0.8302869999999999
0.805844
nan
nan
0.8406631935483871
0.8539034528985507
0.8404725930232558
0.8393905023696683
0.8454493558282209
0.8439976190476189
0.00375315
0.8216602222222221
0.8306421485714288
0.8611016834008097
0.8513932266666667
0.8559371395348838
0.8593630101010099
nan
nan
0.8335464322033899
nan
0.8463235272727271
0.8558055625000001
0.7672557999999998
0.95
nan
nan
nan
nan
nan
nan
nan
nan
0.9007603488372095
nan
nan
0.7171714
nan
0.85616625
0.7859906666666667
nan
nan
0.710857
0.8458334936708861
0.8578204416243654
0.8449333451327432
0.8479054647887323
0.8215487317
0.8584394500000001
0.8204701052631579
0.7819948333333334
0.8671358306451613
0.8641608497409328
0.8103408480357143
0.8270737032967033
0.8623952387434555
0.8636653733766236
nan
0.8355707333333334
0.8600121952054794
nan
0.8456673035714285
0.8615300361990949
0.8610042545454547
nan
nan
nan
nan
nan
nan
0.7272753333333334
nan
nan
0.9256909285714284
nan
nan
nan
0.8129605
0.8308420000000001
nan
0.8465036666666667
0.8343281507936509
0.853740184385382
0.8590252566371681
0.8519582290502793
0.8260725735294118
0.8499534320987654
0.8434842427631578
0.8245961875000001
0.8536288333333334
0.7993229999999999
0.8623766008064516
0.8521074029850746
0.8357919166666664
0.86372364
0.8426358133802816
0.8590775202312139
nan
0.8439514837037038
0.8725554280276816
0.8757538394160583
0.8250749591836734
0.863116968553459
0.8715601237533513
nan
nan
nan
nan
nan
nan
nan
nan
nan
nan
nan
nan
nan
nan
nan
nan
0.8324085172413794
0.873489105610561
0.8516184977375564
0.8320909411764706
0.8502119085365853
0.8590957045454546
0.8691887572815534
0.8540356426966291
0.835399875
0.8099623333333333
0.8581316134969325
0.8438461226765799
0.8282999240506329
0.8272849047619047
0.833157379032258
0.8374841138211383
0.8542349789473683
nan
nan
0.8640207831325301
0.8611253829787234
0.8632318739495799
0.8538807024793388
0.7908727352941176
nan
nan
nan
nan
nan
nan
nan
nan
nan
nan
nan
nan
nan
nan
nan
0.829544
0.8469878317757009
0.8695831855670103
0.8345354814814814
0.8490005428571429
0.8520160562289562
0.8602823473684211
0.8407827499999999
nan
0.721313
0.8273612200000001
0.8719062472527472
0.8254656039603961
0.8063113670886076
0.8455615870967742
0.832779
0.7929959565217394
0.8577582999999999
nan
nan
nan
0.8623943918918918
0.8173743804347826
0.8509715581395348
0.8153083999999999
nan
nan
nan
nan
nan
nan
nan
nan
nan
nan
nan
nan
nan
0.8812321538461537
nan
nan
0.78019114375
0.8253750625
0.8017936393939394
0.8529401529411764
0.872429925132275
0.8545474736842107
0.7946697785714287
0.936587
nan
0.8270801428571429
0.8445190258064514
0.8496295419847328
0.8640962228739001
0.8391169587628866
0.8298886619047618
0.7992449142857141
0.8717288724279836
nan
nan
nan
nan
0.8472569999999999
0.8597222355769231
0.8378043999999999
nan
nan
nan
nan
nan
nan
nan
nan
nan
nan
nan
nan
nan
nan
nan
nan
nan
nan
0.8699112173913043
0.8310836666666667
0.8747518305084747
0.7844084
nan
nan
0.95
0.829445
0.81688478125
0.8547336190476192
0.866510395480226
0.8390360246376811
0.8356553795620438
0.82265945
0.8523475118743717
nan
nan
nan
nan
0.8506554696969697
0.8685951306122449
0.8553169139037434
0.858426
nan
nan
nan
nan
nan
nan
nan
nan
0.9126795
nan
nan
nan
nan
nan
nan
nan
nan
0.8742691666666667
0.7380337142857142
0.8231649999999999
nan
nan
0.79487
0.848687325510204
0.8295306956521739
0.8552780135135134
0.8622814845938375
0.8356900239999999
0.8590487165919283
0.8066719367088607
0.8289960000000001
0.8293278181818183
0.8640231917293234
nan
nan
nan
0.8128207285148515
0.8796306253968256
0.8801699899749372
0.8300407999999999
nan
nan
nan
nan
nan
nan
nan
nan
nan
0.894381625
0.8709816842105261
nan
nan
nan
0.8520435
nan
nan
nan
nan
nan
nan
0.8343606285714286
0.8208408292682928
0.8486171025641025
0.8524413811659193
0.8524088877551022
0.8353192985074627
0.8121636326530614
nan
0.8351530803797471
0.8627548782608696
0.8426222073170732
0.8392110512820512
nan
0.8367317909090908
0.8738378089887641
0.8705220769230769
0.875403720338983
0.8615457142857144
0.8527940555555555
nan
nan
nan
nan
0.907519
nan
0.7659537142857141
nan
nan
0.8969254580152672
0.8465085999999998
0.8820816666666667
nan
nan
nan
nan
nan
nan
nan
0.7952283333333333
0.828026
0.8804189799999999
0.8598206380952379
0.8270454312500001
0.8396634364485981
nan
nan
0.8418627804878048
0.8619842446043167
0.8256975234899329
0.8432506255707761
0.8668512452830189
0.8448364457831326
0.8410739050632912
0.8604178150289018
0.863625930107527
0.8502000858895706
0.8571095932203391
0.8476140000000001
0.8108660000000001
nan
nan
nan
nan
nan
nan
nan
0.95
0.84306
0.8768982846153847
0.887228425170068
0.8623547922077922
0.8028526666666668
nan
nan
nan
nan
nan
nan
0.8490945
0.8323373171428571
0.8563278939393939
0.8669094432624113
0.858014858974359
0.8418528249999999
0.8532298761904761
0.8323850989010989
nan
0.8271625316455697
0.853675757894737
0.798764
0.905144
0.8705087951318459
0.8617313424657533
0.8310988493150685
nan
0.723837
nan
nan
nan
nan
nan
nan
nan
nan
nan
nan
nan
nan
0.8817813434782606
0.8707303170731708
0.8828481675126904
0.8255175749999999
0.8616085
nan
nan
nan
nan
nan
nan
nan
0.8180689999999999
0.8419917045454546
0.8630308757462686
0.8491570846153846
0.8581344953271027
0.864872177514793
0.8569410817610061
0.867380326388889
0.8485961233333335
0.8148035555555554
nan
0.8338781388888888
0.7917620000000001
nan
nan
nan
nan
nan
0.807085
nan
nan
0.547605
nan
nan
nan
nan
nan
nan
0.87955671875
0.878084959798995
0.8538931666666668
0.8343070384615383
0.8844425291005291
0.509961
nan
nan
nan
nan
nan
nan
nan
0.8299065
0.8699493132930515
0.8553536973180077
0.8098478181818183
0.8442386666666668
0.852920125
0.8890984031531531
0.8649606977099237
0.8724026326530612
nan
nan
nan
nan
nan
0.8358682340425532
0.8454906333333334
nan
0.7700774666666667
nan
nan
nan
nan
nan
nan
nan
nan
nan
0.881028
0.8500865
nan
0.95
nan
nan
nan
nan
nan
nan
nan
nan
0.7976601428571428
0.8809256612099644
0.8884517555555554
0.8440464888888888
0.9178193333333334
0.8292498275862069
0.8821919681818183
0.8237888602150537
0.8139533589743589
0.725282
nan
nan
0.725336
0.8379753243243243
0.8440359708333334
0.8974002410958903
0.8608079999999999
0.831473
nan
nan
nan
nan
0.8240076666666667
nan
0.8061612
nan
nan
nan
nan
nan
nan
nan
nan
nan
nan
nan
nan
nan
nan
nan
0.770125
0.8469062040816326
0.8476486507936508
0.7788061000000001
nan
0.8022144545454545
0.8854183395522388
0.8588416249999999
0.834183
nan
nan
0.8366156176470588
0.8728432671009771
0.8582037630057804
0.8633591090225564
0.8651543717948718
0.8650978181818182
0.831410625
nan
nan
nan
nan
0.8735599113924051
0.8393847096774194
0.8762730000000001
nan
nan
0.754716
nan
nan
nan
nan
nan
nan
nan
nan
nan
nan
nan
0.8302072500000001
nan
nan
nan
0.725771
nan
nan
0.839931
0.834144
nan
nan
0.845929435483871
0.8465448137931034
0.819705918918919
0.8463765297619048
0.8786720261096606
0.8595720263157896
nan
nan
nan
nan
0.808152
0.80176475
0.8685306369426751
0.8563902782608694
0.8641495138888889
0.8884104
nan
nan
nan
nan
nan
nan
nan
nan
nan
nan
nan
nan
nan
nan
nan
nan
nan
nan
nan
0.8702707999999999
nan
nan
0.8575241818181819
0.8574268279569893
0.89285425
0.8159063443181818
0.8698062285714286
0.8542511043478261
0.8608102992125984
0.8423773333333333
nan
nan
nan
nan
nan
0.8313715
0.8912761433333335
0.8594611299435028
0.8410722538461538
0.8006679999999999
0.8423162173913044
0.882349
nan
nan
nan
nan
nan
nan
nan
nan
nan
0.761966
nan
nan
nan
nan
nan
nan
0.6351872666666667
0.8485316666666667
0.8570221600000001
0.8567449112903226
0.8772669012345679
0.8429305961538461
0.8387822674418606
0.8482598756756755
0.840590383116883
0.8793876639344262
0.836740875
nan
nan
nan
nan
0.881047
nan
0.7504098000000001
0.8724100252100839
0.8622275555555555
0.8461709636363638
0.873495729468599
0.862509980861244
0.862895090909091
nan
nan
nan
nan
nan
nan
nan
nan
nan
nan
nan
nan
nan
nan
nan
0.713683
0.7853220000000001
0.8761095
0.8353933888888889
0.546576
nan
nan
0.8617740697674421
0.8507137402597403
0.8001392727272727
0.7866895
nan
nan
nan
nan
nan
nan
0.8502628641975308
0.887638490421456
0.8655920058479533
0.8729417213114754
0.8587526582914573
0.8708754386792453
0.8856494863731655
0.8715896314102565
nan
nan
nan
nan
nan
nan
nan
0.603537
nan
nan
nan
nan
0.8541523333333334
nan
nan
nan
nan
nan
nan
nan
nan
nan
0.8495917500000001
nan
0.7970904999999999
nan
nan
nan
0.7649616666666667
nan
nan
0.6420831
0.6129426666666667
0.8562882941176472
0.6703235
0.8328528444444441
0.8668359268292682
0.8415527058823529
0.8495131101694917
0.8694994194528876
nan
nan
nan
nan
nan
0.8569773178294573
0.6176339999999999
nan
nan
nan
nan
nan
nan
nan
nan
nan
0.802614
nan
nan
nan
nan
nan
nan
nan
nan
nan
0.8209266666666667
0.667964
0.8352198
0.8482148
0.452963
nan
nan
nan
nan
0.675355
0.833275
0.8437947352941176
0.8510503987730064
0.8794583355048858
nan
nan
nan
nan
nan
0.8408760000000001
0.8785471951710262
0.8711269839572192
nan
nan
nan
nan
nan
0.8189692857142858
0.8858155000000001
nan
nan
nan
nan
nan
0.818696
0.8066283333333333
0.799585625
nan
0.707578
0.81579
nan
nan
0.798114
0.8745845
nan
nan
0.7122483333333333
nan
nan
0.8155444000000001
nan
nan
0.8193290350877193
0.8444100724637681
nan
nan
nan
nan
nan
nan
0.871058599099099
0.8785009109414759
0.8077646875
0.824943
nan
0.856719
nan
0.730119
0.7678345
0.879131
0.80756525
0.8476265
0.8350669999999999
0.888999
0.8987983333333333
0.8449718
0.861064
0.38792483333333333
nan
0.841428
nan
nan
nan
0.7210052599999999
nan
nan
0.8056997499999999
0.6850743333333335
0.8475949
0.7789830000000001
0.7445996666666667
nan
0.8165374285714285
0.834529625
nan
nan
nan
nan
nan
nan
0.8537889640138409
0.8518032466960351
0.8610602869955156
0.8552991463414633
0.7982889470588235
nan
nan
nan
0.830255
nan
nan
nan
nan
0.8292735000000001
nan
nan
nan
nan
0.739836
0.914653
0.83777
nan
0.8763615269461078
nan
nan
0.873856
0.8150280000000001
0.8411450512820513
0.8724530104166667
0.8564657099236641
0.81577706
0.8507764285714285
0.8452303999999999
0.5362153333333333
nan
nan
nan
nan
nan
0.8865372359673024
0.8355668448275861
0.8596164197530863
0.8598595176470588
0.8374807213114753
0.8880109039999999
0.8251242857142856
nan
0.932575
nan
0.8900111666666667
nan
nan
nan
nan
0.729827
nan
nan
nan
nan
0.88009
0.8415274210526317
0.8822391508379888
0.8963506268656717
0.7749222
nan
nan
0.8494170833333333
0.8379650769230769
0.8848959733333333
0.8759453295454546
0.8514715423728814
0.8488888195488722
0.8647373210526317
0.8719628405172413
nan
nan
nan
nan
nan
0.8666318504273505
0.8635751382022472
0.8233452324786324
0.8411712071459854
0.8454561357142857
0.8741095271565494
0.8766521145833334
0.8590703720930235
0.8838941666666668
0.9301505000000001
0.8843211666666666
nan
nan
nan
nan
0.820845
0.8259489999999998
0.86731326
0.8434688421052632
0.916491
0.8168845688888887
0.8562304562211982
0.8740548192771084
0.7783686296296296
0.6668497750000001
nan
nan
0.827352625
0.8284488181818183
0.8663218597285068
0.839739794117647
0.8644462645756458
0.851490580620155
0.8614673636363634
0.865045364661654
nan
nan
nan
nan
nan
0.8578561778846154
0.86029153125
0.842134437
0.8082733333333333
0.8553131265306121
0.8449159650349651
0.8745202077922077
0.839293
nan
nan
nan
nan
0.8540194
nan
0.95
0.810354875
0.827913
0.8836484812030075
0.8795205408163266
0.8468660733944954
0.8760879860627179
0.8559807404580153
0.8715111201923077
0.8412530625
0.840875909090909
nan
nan
nan
0.7809589999999998
0.8137536341463414
0.8534388958333333
0.8238959880952379
0.8488825220125785
0.8542689615384617
0.8602582578125
nan
nan
nan
nan
nan
nan
0.8445968421052631
0.8562854148936171
0.8437068571428571
0.8130991428571427
0.8575032181818184
0.8732984
0.724261
0.8400455714285713
0.4847036666666667
0.95
nan
0.698943
0.8846267600000001
0.76588
0.759689
0.6845886666666666
0.669243875
0.7848879499999999
0.857616935483871
0.8714272272727273
0.8392254795918368
0.8527244864864866
0.8351937916666667
0.8397050454545455
0.8944596666666667
nan
0.702167
0.800009
0.8791133333333335
0.8423833469387756
0.8527358724832216
0.8344789395604396
0.8490568125000001
0.8621374594713657
nan
nan
nan
nan
nan
0.8707270598006644
0.8849796164383561
0.8411595762711864
0.857676
nan
0.757537
0.898101
nan
nan
nan
0.879656
0.883117
0.749746
0.8664359166666666
0.8576206428571428
0.820739875
0.8587392916666666
0.8064772727272725
0.800181181818182
0.8433386222222222
0.835976654028436
0.8623962897526503
0.8285927721518989
0.8418914216867471
0.7852033125
0.95
0.875453
nan
0.8361710000000001
0.8368064907407408
0.8602295361842105
0.849866503030303
0.861035848275862
0.8355485925925926
0.8666277475216138
nan
nan
nan
nan
nan
0.8715994373259052
0.8633075882352941
0.8194406666666668
0.8672916666666666
0.4628143333333334
nan
nan
nan
nan
0.8553726363636364
0.6881440000000001
nan
0.8430786666666666
0.8738397183098591
0.8812930357142855
0.8606843394495411
0.893619988095238
0.8796717125748502
0.8635232469879519
0.8505611195652175
0.8309825907142857
0.8303913287671233
0.8603075091176471
0.8638328145833333
0.7925662307692308
0.6918044999999999
nan
0.8812145
0.7874125999999999
0.8611446190476191
0.8743187014925373
0.8364170366459627
0.8512482598425196
0.8008641954022988
0.8348935301204821
nan
nan
nan
nan
nan
0.8786217370689655
0.8472652395833332
0.8275052093023255
0.8259201818181818
0.812607
0.689125
0.547735
0.8090185714285715
nan
0.8543445000000001
0.8288690000000001
0.7753093333333334
0.8861288440366971
0.8631835952380952
0.7638514354838711
0.8146386428571428
0.7572538888888889
0.8413408461538462
0.8562941333333334
0.8604614820809249
0.8629087857142856
0.8508458465608466
0.8398824336283186
0.8576135606936416
0.7073402857142856
0.8996713333333334
nan
0.5593083333333334
0.8480274020618557
0.8737779230769231
0.8430810106194688
0.8640560357142857
0.794401914137931
0.8624682056074766
0.8827606603174604
nan
nan
nan
nan
nan
nan
0.891406081521739
0.8506934678899082
0.8127861764705883
0.8222538644067796
0.820248760869565
0.8560227222222222
0.931868
0.7784616666666667
0.7676986666666666
0.84850275
nan
0.8168858571428571
0.7750011285714287
0.8967075
nan
0.717526
0.8213684000000001
0.8421377
0.8071688125
0.8547578333333332
0.83845325
0.850184603448276
0.8721133898305085
0.8200480384615385
0.7573874375
0.779214
0.5777118063636363
0.8817658795620438
0.875927237804878
0.8547103596491227
0.844878
0.8306053126984128
0.8674215614973262
0.8480726424242424
nan
nan
nan
nan
nan
nan
0.8530212388059701
0.8504641584158416
0.8273682549019608
0.8275580477528091
0.8476555911602209
0.8889020759162302
0.8559102413793104
0.8016919285714286
0.8602628947368421
0.8614510000000001
0.6913815
nan
nan
nan
nan
0.8157562222222222
nan
0.8002986
0.7413314
0.860972046875
0.8567545388127855
0.8527108797468355
0.8622013048780487
0.8185592307692307
0.8575199999999998
0.80098225
0.7185018000000001
0.8373238813559322
0.8717268651026392
0.8183079444444444
0.7896563478260868
0.7640812727272728
0.7673803684210526
0.8628357409638553
nan
nan
nan
nan
nan
nan
nan
0.8757609747191012
0.8504441045045043
0.8462381194375
0.8581098939226519
0.8647752169811321
0.8909296666666666
nan
0.852703
nan
nan
0.863393
0.801829
0.74790375
0.821811
0.7915836666666666
0.84374575
0.822527
0.8071033595238096
0.860826600896861
0.8368841696428572
0.8194466776859504
0.8357921527607362
0.7997343333333334
0.782857576923077
0.714229
0.8785044615384616
0.8585789999999999
0.8476354545454544
0.8223613999999999
0.8336548235294118
0.8571391428571428
0.8345713478260869
0.8638625922746782
nan
nan
nan
nan
nan
nan
0.8656663307086614
0.8764993510638298
0.8256021111111111
0.8480109099099099
0.8138562586206897
0.885909
nan
0.876595
nan
nan
nan
0.8534154999999999
0.8706893125
0.85865375
0.8467748333333335
nan
0.8466879999999998
0.8617974654525548
0.8581850217391305
0.8485086358695652
0.8503028433179723
0.8360170350877193
0.8271625
0.8555361299999998
0.8496622222222222
0.8474718666666667
0.837783625
0.6775249999999999
0.8356068571428571
0.8300361764705881
0.85867491
0.83267876
0.8601634770114943
0.8725051627906977
nan
nan
nan
nan
nan
nan
nan
0.8639569519230768
0.8247975329545454
0.8692902016460905
0.844483375
0.7798035
0.908359
nan
nan
nan
0.8232195
nan
nan
nan
0.8548378260869565
nan
0.8056863750000001
0.7428179166666666
0.8358097294117648
0.8533427052631578
0.8529181525423728
0.8478761867549668
0.8354253928571428
0.8470918000000002
0.8672694841807911
0.8044419642857142
0.8458186923076922
0.7999094800000001
0.8390371744186046
0.8485315235602094
0.8263789186046511
0.8581388139534883
nan
0.8452499220779223
nan
nan
nan
nan
nan
nan
nan
0.8538856874999999
0.8428663457943925
0.8388613904109589
0.8611361746031746
0.8348169999999999
nan
nan
0.8064789999999998
0.8626411632653062
0.913322
0.8574052173913044
0.86893465625
0.8759103333333333
nan
nan
0.690688
0.78992675
0.7652542916666666
0.8567621615384615
0.8482615851063829
0.8226301348314609
0.8348159263157896
0.85107575
0.8447019499999999
0.8511435882352942
0.8536333846153847
0.8650660546012272
0.8254094999999999
0.8472059875000001
nan
0.8277270608108107
0.8603779843750001
0.884646288888889
nan
nan
nan
nan
nan
nan
nan
0.8840341125654448
0.8378986691729323
0.8255650999999999
0.6546885
0.7086552
0.7421563333333333
0.331632
nan
0.8530791379310344
0.8729015549019608
0.8335117400000001
0.8556895263157894
0.8574040344827587
nan
0.779045
0.770983
0.7076155
0.8273584827586208
0.8379860232558141
0.8132414285714286
0.8420564479166668
0.848627327586207
0.8500881616161616
0.8442405934065932
0.8376140208333334
0.8210925777419357
0.8468654844444444
0.8543634928909952
0.8434138703703702
0.8373611808510637
0.8668038198924732
0.844209728358209
0.8514107671232878
nan
nan
nan
nan
nan
nan
nan
0.865093951754386
0.8769534662921348
0.8190124366666667
0.7333885357142857
0.8536407500000001
0.815820677419355
0.7965165000000001
0.8556301999999999
0.835843469387755
0.8995938377358491
0.8888736699029128
0.8352393333333331
0.8137442
nan
0.713132
nan
0.844586375
0.8193685384615385
0.8602758989898991
0.8199870837894738
0.8539716484375
0.8596368025210084
0.8163215833333334
0.8378320970873786
0.8517139253731342
0.8378409242424242
0.8291042327586208
0.8535154261363637
0.8425617258064515
0.8423174040404038
0.848689410958904
0.8751717085714287
0.8529018717948719
nan
nan
nan
nan
nan
nan
nan
0.8544194786324786
0.8561821023622047
0.8617409132075471
0.8367275625000001
0.8253193902439026
0.8276533035714285
0.788798375
0.8797311666666667
0.7888738387096773
0.8634915723958333
0.8718388188976379
0.825238
0.5597808519999999
nan
nan
nan
0.7947766666666666
0.8529033478260869
0.8633901729323309
0.8520003188405797
0.8225880574712646
0.8211319191919193
0.8639760243902438
0.8584733112244897
0.827515033898305
0.8485727532467531
0.8492171261904762
0.8601003389830508
0.8464912533333333
0.8394103934426229
0.8696133181818181
0.8096395849999999
0.8262039772727273
nan
nan
nan
nan
nan
nan
nan
nan
0.8503517575757575
0.8484441005555554
0.8654555296610169
0.8669128950276245
0.8309641842105263
0.83433725
0.8229628235294116
0.8167468
0.8306765294117646
0.8447186666666666
0.791561
0.7871436666666667
0.821392625
nan
nan
0.8380281818181817
0.8343494736842105
0.8129948235294118
0.8475670183544303
0.8409633804347827
0.8301880260869567
0.8369799523809524
0.8314724597701147
0.8472421409691631
0.8515446371681415
0.8312078583333334
0.839247756111111
0.8479389752066115
0.8511403069565219
0.8068339615384617
0.7880340428571426
0.8185838095238096
nan
nan
nan
nan
nan
nan
nan
nan
0.8712011944444445
0.8457118865979382
0.8245298785123968
0.854932971291866
0.842010928057554
0.8535948095238096
0.8681799038461538
0.8181485000000001
0.80009575
0.8123919038461538
0.8124778387096775
0.8392039545454547
0.7680369090909092
nan
0.944761
0.842924
0.7418469999999999
0.8658175714285715
0.8023394677966104
0.8477255753424657
0.8471702491320755
0.8217336593406595
nan
0.8538662538461538
0.8589651229946523
0.856203350877193
0.8389500634920636
0.8473428235294118
0.7750235
0.8538554285714285
0.8149092222222222
0.8304733953488374
nan
nan
nan
nan
nan
nan
nan
nan
nan
0.8524750531400966
0.8624133914373089
0.8324870023076923
0.834665419354839
0.8668169411764707
0.823888
0.813985724137931
0.8342162241379312
0.870140235
0.8514705982905982
0.873783613445378
0.8339794444444445
0.8855975
nan
0.8592230000000001
0.6625205000000001
0.8228524230769232
0.8553623787878788
0.8447144509803921
0.8622523165467626
0.8523391460674157
0.85627652991453
0.8474287787234042
0.8540022045454545
0.8343974674418605
0.8045121052631579
0.8474083636363637
0.8496856111111112
0.8223212325581397
0.8541602380952381
0.8940670918918919
nan
nan
nan
nan
nan
nan
nan
nan
nan
0.8597538809523809
0.8219734476190477
0.8247794117647059
0.8638439819004524
0.8230617567567567
0.8333569999999999
0.8329087586206897
0.848200077419355
0.8468121980198019
0.8324998205128207
0.8515721152941176
0.85897208
0.8021193416666668
0.8640002499999999
0.82969175
nan
0.8512485833333333
0.8781999672727273
0.8494430979020978
0.8318876212121212
0.85688829375
0.8478061600000001
0.8548289670886076
0.85323928
0.8241163633802816
0.827897255319149
0.8188695199999999
0.83134188
0.8444539731543624
0.8340816271186442
0.86441658
nan
nan
nan
nan
nan
nan
nan
nan
nan
0.8417817142857142
0.8476506096256685
0.8354383508661416
0.8194074375000001
0.817977302631579
0.8414639493670886
0.851554612244898
0.8474423483146067
0.8229829582822085
0.8505111070512822
0.8605987249070631
0.8462418311688312
0.8813138432432434
0.8237131428571428
0.808134
nan
0.7971119999999999
0.8129445555555557
0.8679613542435424
0.8821017191011237
0.7886863333333335
0.8273635476190474
0.8161989423076922
0.8540526666666667
0.811349125
0.7903300714285714
0.8684087950819671
0.871627380952381
0.8598096938775511
0.8639856911764706
0.8584549166666666
nan
nan
nan
nan
nan
nan
nan
nan
nan
0.887642905982906
0.8547850699300701
0.8468426844660194
0.837752305732484
0.8554827265870131
0.8298188524752476
0.8433601232876713
0.8572745102941175
0.8517178280254777
0.8503484678899083
0.8549470588235294
0.854347016
0.839316205128205
0.8339420779220781
0.7859846388888889
nan
0.834603
0.6925273333333333
0.8468304574468082
0.8277210344827586
0.8086108163265306
0.7890889925925927
0.7783862380952381
0.818122525
0.8703618260869566
0.8238273125
0.85583137
0.8564124324324325
0.8235175041666666
0.8665170486891386
0.8527089266055047
nan
nan
nan
nan
nan
nan
nan
nan
nan
0.8778840476190475
0.8809630558659217
0.8663710049019607
0.8396575333333333
0.8301734999999999
0.8715316463343108
0.8624642448430494
0.8725869999999998
0.8566110044843047
0.8549535539568346
nan
0.8595857798165137
0.8390310347826087
0.8805357900432901
0.8492321250000001
0.9005025
0.104722
0.831393
0.8341172830188681
0.8048441379310346
0.8274474347826086
0.8188650000000001
0.8279835576923076
0.8609373372781064
0.8136455301886792
0.8439946730769231
0.8337644411764706
0.8273396862068965
0.8490798985507247
0.8505164824120605
0.8838173526785714
nan
nan
nan
nan
nan
nan
nan
nan
nan
nan
nan
0.8697017938144331
0.8673899047619048
0.870038377118644
nan
nan
nan
nan
0.829848599893617
0.8666584778325123
0.819435125
0.8653870346320346
0.841414234883721
0.8604307333333334
0.768325
0.943568
0.791202
0.7841046666666668
0.8489825892857142
0.848553351851852
0.8374994393939393
0.8729152620689655
0.8506275333333333
0.8553817735849056
0.832389103448276
0.8645622847682118
0.8413098461538462
0.8396386874999999
0.8689775462962963
0.8594834875
nan
nan
nan
nan
nan
nan
nan
nan
nan
nan
nan
nan
nan
nan
nan
nan
nan
nan
nan
0.8565800151515152
0.8650312403846154
0.8331732105263159
0.8344634183098592
0.8443646869565217
0.8539577708333335
0.8247545
0.7819795
0.8356702666666666
0.8330401823529412
0.8759939567901235
0.8094460483870968
0.8400519830508474
0.8469648181818181
0.7560241
0.8515561607142859
0.8466368571428572
0.8314838471014493
0.8402456444444446
0.8668499090909091
0.8520848470588236
nan
nan
nan
nan
nan
nan
nan
nan
nan
nan
nan
nan
nan
nan
nan
nan
nan
nan
nan
0.8809741713062099
0.862945758064516
0.7837202097560976
0.8631088729281768
0.8615400512820514
0.8721334791666666
0.8445416793749999
0.8771225
0.8221241666666667
0.8512935333333334
0.8395160182352941
0.8422152814371259
0.8642449842519686
0.8348651946308725
0.8566337894736841
0.8166514893617018
0.8638104864864864
0.8654310669144981
0.8702945387205387
0.8741729576719576
0.8344508181818182
nan
nan
nan
nan
nan
nan
nan
nan
nan
nan
nan
nan
nan
nan
nan
nan
nan
nan
nan
nan
0.8575312692307693
0.8745767252465483
0.876843654117647
0.85563258
0.8882917267441861
0.8830917542168674
0.7700472842105263
0.8144351304347828
0.8504148139534885
0.886342910614525
0.8769223012987013
0.8629102470119522
0.8651648836363637
0.8739419531914893
0.8581297155963303
0.8349203333333335
0.8736671983002834
0.8589595924170617
nan
0.8838707509727626
