nan
0.82535
nan
0.8261853529411765
0.8735812358490564
0.8450393034482758
0.8514658913043478
0.8482673176470589
0.8425953103448276
0.8483719246575343
0.8645371570247933
0.8427222123287671
0.8508127027027027
0.8348995
nan
nan
0.872007
0.6506323333333333
0.878442
0.8105760205882353
0.860233384
0.8546094193548385
0.8706182301587302
0.8712584363207546
0.8678775623188405
0.861271100946372
0.8651478027613413
0.8633553915637859
0.8682728687350836
0.8596819115591399
0.8459653752860412
0.8540020042256214
0.8613322142857143
0.8588661096153847
0.8631989795321638
0.8610090828793775
0.8605818078175896
0.8652438357142858
nan
nan
nan
0.899787
0.7637251111111111
0.8535856935483871
0.8285468455357143
0.8533949863247864
0.8547428848484849
0.8443297043010752
0.8480006837606838
0.8507071004366812
0.8412372916666667
0.8505196078431372
0.8364526666666667
0.8574654
0.798364
0.8865595
nan
0.8581776666666666
0.8464696875
nan
0.85087
nan
0.809289
0.8684542157360405
0.8635679136904761
0.8580189819148937
0.8584572714681441
0.855744075510204
0.8450517330357142
0.8519145713472486
0.8410890627249357
0.8574912919708029
0.8246080745341616
0.8458331917808218
0.8493956654135338
0.857048321098266
0.862620984913793
0.8615816418269231
0.8608980339622642
0.8568083209302325
0.8625046981132074
0.858627
0.67501
0.8350185
0.8536226322314049
0.8356295555555556
0.8510374369747901
0.8480981727272726
0.8312674646840149
0.8459289686098654
0.8413622896373056
0.8371928436018958
0.788622186440678
0.852276578034682
0.8498925338983051
0.8354235901639343
0.9079
0.8669373527696793
0.8661678810606062
0.8432980000000001
nan
0.8588800000000001
0.88338
0.8382359569892474
0.8360314797356827
0.8579258876404494
0.8562192930327869
0.8551599748201439
0.8518706594059406
0.85395355478086
0.8387258895833333
0.8577876601615073
0.8499143193409091
0.8446809552238806
0.8301860606060606
0.8603224776859504
0.8535228154981549
0.8686918981481481
nan
0.8660196345679012
0.706376
0.835609
nan
0.50802
0.8551313333333334
0.832092375
0.7363266666666667
0.8232869090909092
0.8498065800000001
0.8312051159999999
0.8259897333333334
0.8422616074766353
0.8411294925373134
0.8383388150000001
0.8504976666666667
0.8624726971428572
0.8336216666666667
0.8601966960436136
0.8595158226600984
0.8510874653465347
0.8512050444432548
0.6263145
0.8337263181818183
0.8472760769230769
0.8550321182795698
0.8495370826873385
0.869229976127321
0.8447842029495969
0.852177436111111
0.8502718677698696
0.847819625
0.8487237136986303
0.8636274745762713
0.8473291666666667
0.853037605812357
0.8580936408866994
0.8622515177734376
0.8611652490272373
nan
0.8721773140495868
0.847860512195122
0.857689
0.8648395714285717
0.8591078571428572
0.8624418120481928
0.8557054613084112
0.849714
0.8437177118644067
0.8426491056603773
0.8314247828571428
0.8464148283261802
0.8423119938906752
0.8491899425287357
0.8511472865497076
0.8421530157894737
0.844092692631579
0.8220733555555555
0.7996845714285714
0.8580677423638778
0.8618693482905984
0.8555313145695363
0.8449964375
0.8569534739884392
0.8497161012396695
0.858138337837838
0.8496644897959184
0.8585685420560748
0.8477909461966605
0.856149393877551
0.8427251661654136
0.8356960807106599
0.8318740907216494
0.8493524586206896
0.8423267808823529
0.8628595050377834
0.8666976496221661
0.8512319037900874
0.8283346666666667
nan
0.8659876383647799
0.8452985999999999
0.8239304000000001
0.8542768518518519
0.8669724267676767
0.8575524718529786
0.843124564102564
0.8524643017274472
0.8671851618729096
0.8508964488188977
0.8329170105633803
0.8431272639999999
0.8340873989898991
0.8383774832214765
0.8389982608695652
0.8441686885245903
0.8331333333333332
0.8374670000000002
0.8352061256544502
0.8549121210626186
0.8574341207598373
0.8481042181979321
0.8551975627802689
0.8531310629139073
0.8437408910062892
0.8513419476099426
0.8487158741258741
0.8562367156351791
0.846647936893204
0.8497500385321101
0.8420727158682635
0.8509418256578947
0.8408870864864865
0.8621412814814815
0.8415866229787236
0.8701520632411068
0.8570335
nan
nan
0.8632372421383647
0.863557687361419
0.8555285384615385
0.8285690416666668
0.8589142162162162
0.8516838350877193
0.8471121738255034
0.8505133408203125
0.8675808111587983
0.8529890978043911
0.8458139438202247
0.8307873664122137
0.8464202424242423
0.8469018544776119
0.8356154241245137
0.8376670204918033
0.8419218487394958
0.8372719878813559
0.8484927118644068
0.8558486223506744
0.8557085385961871
0.8459409019560441
0.8428221403328049
0.8567410108936653
0.8366153398655913
0.8533220313315926
0.8570275558035715
0.8499606503949131
0.8535103373205742
0.85327866514936
0.8518791577623762
0.8407466526946109
0.82808143828125
0.8387592089552238
0.854005686163793
0.847829192
0.837421
nan
nan
nan
0.8612429976415095
0.865993463414634
0.8678534000000001
0.8550020893617021
0.855827036809816
0.8258377500000001
0.8577499187145557
0.8632234921436588
0.8518369368932038
0.8312973090909092
0.8373370263157895
0.8495694319248828
0.8428955770750988
0.8463253805825243
0.8385458170731707
0.8326889862068966
0.8259621020408163
0.8536423942652329
0.8490865454273505
0.8460180463937622
0.8463814218829981
0.8491887001801801
0.8504968707482993
0.8548703190578157
0.8575201914414414
0.8541197419354839
0.8485727033898305
0.8423034019531249
0.8497626268041236
0.8529095140056024
0.8560304327411168
0.8520677257525083
0.8117452058823529
0.8025527142857143
0.8192386666666667
0.6059995
0.7243355444444445
nan
nan
0.8610860549450549
0.8635679819407008
0.863889791436464
0.8601074545454547
0.8509581996441281
0.861932565830721
0.8581922872807017
0.8557582457831325
0.8574168641810919
0.8136512278481011
0.8450969285714285
0.7970011875
0.860428075949367
0.8633408895348839
0.8354180509090908
0.8354076042780748
0.8490134629629631
0.8471672548387097
0.8474775574275362
0.8464090545454546
0.8491457191358025
0.8453614473136914
0.8429355362831858
0.8434659784210528
0.8535724139689579
0.857888880382775
0.8567432125984252
nan
0.8421555201342281
0.8407254085555556
0.8463516637813211
0.8498976727945206
0.8595540757575758
0.8591813333333334
0.8123325999999998
nan
nan
nan
nan
0.8655711654320988
0.8645806170731708
0.8563223908906882
0.8587257107438017
0.8654517461538461
0.865109373605948
0.8630216943262412
0.8626914898373984
0.8526502938888888
0.8496866875
0.857924857142857
0.8526653
nan
0.8115966
0.8485382702702703
0.8196751999999999
0.8406508571428573
0.8367738262548262
0.8458774787234041
0.8393495714285715
0.810449
0.8402531742946708
0.8561634927797834
0.8509504942084942
0.8337332806094183
0.8358176318059299
0.8416896859296483
0.8448352150627614
0.8522324234875445
0.8497592431192662
0.8435617122699388
0.835827278409091
0.8507010363636364
0.8666602000000001
0.8288601250000001
nan
nan
nan
nan
nan
0.8542835745454544
0.8664245471204188
0.8525518857142856
0.8587632287709498
0.8648106666666666
0.8661384477611941
0.8547048242490117
0.8204307941176471
0.839022573033708
0.842786
0.8471474285714286
0.885621
0.7646277333333333
0.8332304879999999
0.8376943986725665
0.8479292259136213
0.8405760738255034
0.8360175599999999
0.8388409324324325
0.7835137162162162
0.8526472926136364
0.8473361481481482
0.8579514483240225
0.8440479611398963
0.8422884146997929
0.8474580533799533
0.8497164882943143
0.8474076163793104
0.8458552669491526
0.8564072622704508
0.8654006553287982
0.8521150091321499
0.8453922205128204
0.8126520199999999
0.8604239948979592
0.938744
nan
nan
nan
0.8699292835820897
0.8598299744245526
0.8680750364372469
0.8532817449275362
0.8603834462987012
0.8579853267326734
0.8513398444444442
0.808597875
0.8611324375
0.8272027137931035
0.852211
0.80888925
0.8548265875706215
0.8387081115942029
0.8393639913793103
0.8353367852040817
0.8537423850267379
0.8371130591133004
0.8518874085365853
0.8082798931460674
0.8534770959356137
0.856869870425532
0.8525385240963856
0.8489378820592823
0.8485823586337762
0.8503000342935528
0.8493185023112481
0.8508292055343512
0.8326418772511849
0.8525236299840511
0.8552554375908619
0.8591991649746191
0.8454540242677825
0.8543178181818182
0.84743006284153
0.8507192030456853
nan
nan
nan
nan
0.8604770990415336
0.8549327999999999
0.8573756944444444
0.8587656705882354
0.8422437244094487
0.8550455849056604
0.8672275217391305
0.8393818461538459
0.8413006666666666
nan
nan
0.8497444354838709
0.8358305675675677
0.8121459861111112
0.8316357734939758
0.8468394389312978
0.8380818800711745
0.8466595970149253
0.8399965714285714
0.8491331428571429
0.8628198186813185
0.8551267766666666
0.8544861822443182
0.8507629452743902
0.8504761564301552
0.8445059766010637
0.8410301367574933
0.8461992894366197
0.8597205532994925
0.8497492526022304
0.8478721941569283
0.8537972186579379
0.8500569887931034
0.8478550987381706
0.8589848816059701
0.8666559416445623
nan
nan
nan
0.860047787356322
0.867288584045584
0.8634706847195358
0.8569534151832461
0.8702966431095406
0.8642016666666666
0.8610950368421051
0.8689273152173914
0.8568981236220473
0.8690098333333333
0.68252354
0.8385085
0.748760105263158
0.8459624274193549
0.8388298255813953
0.841538064
0.8551920819672132
0.8450140424124513
0.839868431372549
0.773079
0.828136
0.8321930392156863
0.8530557214046822
0.8495418199233716
0.8461291860520094
0.8482023844660195
0.8536179552251554
0.8419466217983651
0.8573602488269795
0.8605975995525728
0.8538981453634086
0.7399149542857143
0.8504115996131528
0.8587568583941605
0.8494940803308824
0.8639197095516569
0.858583490764557
0.8560056666666667
nan
0.875092
nan
0.8558411772575251
0.8639738414634147
0.8604364666666666
0.8458087844827586
0.8873805090909092
0.8685047493403694
0.8712596607929515
0.871622638025594
0.8157465833333334
0.8473840526315788
0.8786988915343914
0.8398408571428571
0.8251923015873016
0.8364048085106383
0.8566914358974359
0.8504527988636364
0.840132952631579
0.8176993492063491
nan
nan
0.8261303265306124
0.8443321787709499
0.8483174310344829
0.8268587453372094
0.8466736764705881
0.8427097369458127
0.8558013646788992
0.855090443697479
0.8532785993265993
0.8060523058823529
0.7192268571428572
0.8603153517587939
0.8610287582417581
0.8452195344772728
0.8591211423220972
0.861115376119403
0.8550969872832371
nan
0.9026674444444444
0.8605513707865168
0.8667917350272232
0.8564234176829268
0.8638792313296902
0.8576188333333333
0.83867275
0.8658317471264368
0.857986625
0.8672045975609756
0.8617338252032519
0.8201468000000002
0.8391749999999999
nan
0.817777
0.825553064102564
0.8282906666666667
0.851872243902439
0.8000039166666667
0.8732403485125859
0.8610467076923076
nan
0.8383686666666668
0.8184044200000001
0.8280066602564102
0.8390943921568627
0.8406503657407408
0.8496276263736263
0.8394544939759034
0.842518967032967
0.834182
nan
nan
0.7845972727272726
0.8480794629629629
0.8587988737864077
0.8583817368421053
0.8598080410126582
nan
nan
nan
0.8619162707692306
0.8687800429357798
0.8670804255319149
0.8562701620795107
nan
0.8495881666666666
0.8319764285714287
0.8499158306451613
0.8561430817120623
0.8665673196078432
0.8712287423887588
0.852902
nan
0.8344050717948718
0.8540676875000001
0.8114559285714286
0.8498783333333333
0.8506703333333334
0.8642513129901962
0.8505323257142855
0.8328923603603604
0.8434394411764705
0.8468393062200957
0.8384022734322034
0.8461444524886877
0.8495937344398341
0.83852609929078
0.8144485347826087
0.830976145038168
0.8599572539682541
0.777485875
0.877216
0.8647045555555556
0.8575301936608558
0.8652496656016713
0.8561577123287671
0.8706783333333334
nan
0.8231925
0.868253
0.8724148006230529
0.8701717971530248
0.8581156678966788
nan
nan
nan
0.8314486666666666
0.8509334800000001
0.8568125131578948
0.8723377755102041
0.850155
nan
0.931106
0.7627590000000001
nan
0.86967
0.7605022774193548
0.8767743446712019
0.857347008982036
0.8520612
0.835292462585034
0.8287927533333334
0.858030004882653
0.8352460133779265
0.8401622083333334
0.8656862999999999
0.8374662510638299
0.847436637360179
0.849388185520362
0.8391848773399013
0.8568611695512822
0.8647846856540085
0.8552245544881889
0.8636640417536534
0.857388902621723
0.8519540700000001
0.8412142608695652
nan
nan
nan
0.6061523333333333
0.8678151824817518
nan
0.804452
nan
nan
0.850811953271028
0.860209871875
0.8660857269736844
0.8408762222222222
nan
0.88112
0.626237
0.905716
nan
0.8724101999999998
0.8615112312903226
0.8589457428828828
0.8630621572871573
0.8490000175438596
0.8504550833333333
0.8286795504587154
0.8629218752886836
0.860026394472362
0.8515075829187397
0.8615004356402116
0.8425738428571429
0.8549026183551848
0.8467261753623189
0.8532564941176471
0.8596516709195403
0.8517984858988505
0.8386225364864865
0.8545522189781022
0.8337824226804122
0.8531537142857142
0.8635335
nan
nan
nan
nan
nan
nan
nan
0.8476114531250001
0.829137
0.8644233404395604
0.8783298932894738
0.8631876168224297
0.818949125
nan
0.865386
nan
nan
0.7850395333333335
0.8703893241895262
0.8502909508665105
0.8466481967032967
0.8551278031641025
0.847447041509434
0.8520520215139441
0.84149721496063
0.8580194723538705
0.8537109629277567
0.8541255320627802
0.8494601685185185
0.8460919980446928
0.8586846006072874
0.8575665883905014
0.8592339595808383
0.8578928774193549
0.8466150747663553
0.495624
nan
0.7208086666666667
nan
nan
nan
nan
nan
0.7335815
0.7198103333333333
nan
nan
0.8761437037037035
nan
0.8799365134020618
0.8639795761133604
0.8323737032258063
0.8568286666666668
0.8656124199999999
0.853459
nan
nan
0.8232050555555556
0.8625856158415841
0.8633656248576851
0.8475672408026756
0.8525207669776119
0.8392932758333332
0.838147114555133
0.8437662739726026
0.8498975607540984
0.8563584429046563
0.8518776395939086
0.8509713397174254
0.8499350541436465
0.8495386266416511
0.8610031886304909
0.8457563554117647
0.8646338888888887
0.846333
nan
nan
nan
nan
nan
0.874494
0.847614
nan
nan
0.895703
nan
nan
0.8774995104166665
nan
0.8645153523571428
0.8756989503546099
0.853826696969697
0.849010125
0.8524206984126985
0.8300416666666667
0.822776
0.8506344375
0.8583183925729443
0.8561076688829788
0.8585300298507464
0.8640936977687627
0.8565197075892856
0.850097803652968
0.8586721005917161
0.8537285081433225
0.8471757630036629
0.8427532027363184
0.8431234398373983
0.8456128505102041
0.8541408176551725
0.8498142106563706
nan
nan
nan
nan
0.8992
0.8293641320754719
0.840639390625
0.8051596666666666
0.836462875
nan
nan
nan
nan
nan
nan
0.8767931722972973
0.8848736632124352
0.877503609271523
0.8508036428571428
0.8646275555555555
nan
0.847752
0.812648
nan
0.7758931666666666
0.862119787276342
0.8552787555066079
0.8558867037527594
0.8429696822429905
0.8426113786764705
0.853643668286445
0.8482124091379312
0.86000652
0.8475627952755905
0.7679064444444444
0.8394302032520324
0.8463120934065935
0.8444514209917355
0.8522351691609978
0.8163167142857143
nan
nan
0.8519216666666667
0.8399286233766233
0.8464359813664597
0.850354404255319
0.8487479487179487
0.7320379999999999
nan
nan
nan
nan
0.7968118
0.7760933333333333
0.7985325714285716
nan
nan
0.8686121212121213
nan
nan
nan
0.714245
nan
0.8772323333333333
0.8560147122302157
0.8534240832089552
0.8520144078431372
0.8529351349682877
0.8506083408163265
0.8554073153846153
0.8641932774674115
0.8598359296428572
0.848859093220339
0.8115838
0.8085737999999999
0.815393347826087
0.8552514513274337
0.8626263890675242
0.8499716485355648
0.885271
nan
0.8403794038461536
0.8496965631067961
0.8409033755868544
0.8481048838383837
0.8513844671532848
0.8319716060606062
0.714384
nan
nan
nan
nan
0.8267291086956522
0.8650771696428572
0.8262816666666667
nan
nan
0.912845
nan
nan
nan
0.858981
nan
0.8474471666666666
0.7893908571428572
0.8570286877729257
0.8626939156908666
0.8600404
0.8527551296460177
0.8553601197411004
0.8548551249999999
0.8607556979865773
0.8502037
0.8546204285714285
nan
nan
0.8629938333333335
0.8649082440604752
nan
nan
0.8403140081967213
0.8443558406593407
0.8385144038461539
0.8552029370078741
0.8403848707482993
0.8531059130434783
0.92316
0.616748
nan
0.338413
nan
0.7776330952380954
0.8459842386363635
0.8524514122137405
0.8143265384615384
0.8915145
0.7011135
0.8680332268041236
nan
nan
0.879035
nan
0.889646
0.8365716363636363
0.8563130536585366
0.8602898122529644
0.8579532903225806
0.856994091286307
0.855860477453581
0.8536197223587223
0.8565194844192635
0.8588555330490405
0.8465873947368422
0.8511660000000001
0.830217
0.7621706428571429
0.8688610241935485
0.8618679180722892
0.8227961034482758
0.851524450980392
0.8605896714285715
0.8392920165289257
0.8552100724637681
0.8543646315789474
0.8604848733333333
0.7901181666666667
nan
nan
nan
nan
nan
0.8055264000000001
0.858680943089431
0.8547457358490564
0.8457580078740159
0.841641109375
0.8342668507462686
0.8636559528023598
nan
nan
0.878452
nan
0.8633444000000001
0.865022118852459
0.8647417425863249
0.8563867914285713
0.8520982796934866
0.8418716286919831
0.8595074970760233
0.8527679095744679
0.8566274536340852
0.8564955667560321
0.853192875
0.8248213333333334
0.8657613333333334
0.8157449999999998
0.858066829728261
0.8619730747044917
0.8540130402144771
0.8561364361990951
0.8424972066115702
0.8536690909090909
0.8490124187499999
0.8441960125
0.8391983333333333
nan
nan
0.914723
nan
nan
0.737902
0.8425111267605635
0.8452756701030929
0.8394520571428571
0.8610052409638554
0.8399243053435115
0.8594296023510972
0.8642133161132812
0.85342575
nan
nan
nan
0.823731
0.8479884441441441
0.8593456710588235
0.8563602609836065
0.8505111505016721
0.8497913133891213
0.8501902059701493
0.8511963549382715
0.8613263301204819
0.8505310816326531
0.8575117999999999
0.8279059999999999
0.873015125
0.842751975609756
0.8544082398373982
0.8495564563758389
0.8644539115241635
0.8660258995098039
0.8170488823529413
0.8176550666666664
0.8474867317073171
0.8670546666666666
nan
nan
0.808345
nan
nan
0.8864271558441559
0.8624381386138614
0.8625856617336152
0.8536506595744681
0.8488095555555556
0.8587222524654832
0.856297913636951
0.8636732092050209
0.8540988272727273
nan
nan
nan
nan
0.836587
0.854561093548387
0.8520381705215421
0.8551611995515696
nan
nan
0.8538376217765045
0.8542771676587302
0.8607400030864198
0.8454037319148936
nan
0.8480120000000001
0.8540173087557603
0.8669003441860466
0.8626375315068494
0.8616122665289256
0.8667825058020476
0.8464725602409636
0.8652746666666666
nan
0.8474512222222222
nan
nan
nan
nan
0.850237
nan
0.883312
0.8646235918181818
0.865462944055944
0.8590663947368422
0.8549627229831933
0.8657161251931994
0.8484984944751383
0.8634398205417608
0.862485367775832
nan
nan
nan
nan
0.807835
0.85927948441247
0.8616086285714286
0.859048427922078
0.8534095230855019
0.8616404651162791
0.8575543118556702
0.8502676459302327
0.8590458908730157
0.8358913868263473
0.839317793069307
0.8585843487046634
0.8606271578947368
0.8545449660818714
nan
0.855700590747331
0.8639546652452025
0.8664378851174934
nan
nan
nan
nan
0.8720093999999999
0.8594553333333333
nan
0.616428
0.8546055
nan
nan
0.8598731870503598
0.8613995877659574
0.8568622222222223
0.8482696539923954
0.8605081310344828
0.8478900924369749
0.8598721364653243
0.8159967692307694
nan
nan
nan
0.763258
0.8559500433333335
0.856271731695721
0.8491597394366198
0.8523144715719064
0.8534962371364654
0.8535547198598131
0.8548523848039216
0.8578663418647166
0.8632744796511627
0.8619359655172414
0.857454937007874
0.8617958285714284
0.8648525158501442
0.661645
0.8433173333333333
nan
0.8688172499999999
0.8635159064327484
0.7862045
0.557984
0.785218
nan
nan
nan
0.834005
0.796319
0.8880939999999999
0.838328
0.881458
nan
0.8128072857142856
0.8516814495114007
0.8592375468164795
0.8436200636075951
0.8537170821325648
nan
0.889082
nan
nan
0.893395
0.8636402413793105
0.8603451029051986
0.8532148739725363
0.8560654465543645
0.8471313912017168
0.8559595067750678
0.8575011862955031
0.85817429325
0.8521369368600682
0.7931248571428571
nan
nan
0.922706
nan
0.8684555625
nan
nan
nan
0.8276092222222222
0.694742
nan
nan
nan
nan
0.8308101000000001
0.885898
0.8465697500000001
0.855280375
0.8301696551724139
0.8055742608695652
0.8516279999999999
0.8569873879432623
0.8558691012269939
0.8548782820512819
0.8645737752783964
nan
0.8648754999999999
nan
nan
0.7836
0.8443223098591549
0.8474822162818955
0.8555408986486487
0.8580696429675425
0.8441106790606654
0.8396760980555557
0.8585876680161945
0.863050442150134
nan
0.7434412222222222
0.84562275
0.857394
0.8618713571428572
nan
nan
nan
nan
0.763535
0.360182
nan
nan
0.6660385
0.908159
0.8572372068965516
nan
0.871497
0.449433
0.8656736
0.8541322651685392
0.8535800650543478
0.8517712055214725
0.8619919259962048
0.8558966848484849
0.85594444
0.8389632586206897
nan
nan
nan
nan
0.845525
0.8335779748427674
0.8595771508941876
0.8572792166666666
0.8544514346315789
0.8451169907692306
0.8488339845517242
0.8603048079245282
nan
0.84904125
nan
0.708712
nan
nan
nan
nan
0.7247009999999999
nan
nan
nan
nan
nan
0.8422964642857143
0.857465617977528
0.8484494827586206
0.863401
0.8670675
0.8683590543806645
0.861797788659794
0.8558982824953445
0.8615236952580194
0.8552097851562501
0.8499984363057324
0.8289950091549295
0.8409977807017542
0.8644572857142858
0.832160888888889
0.7998465
nan
nan
nan
0.8487199114583333
0.8541209247135845
0.8446411489464882
0.8513218580867347
0.8403500762114537
0.8575293461538462
0.8498861574239714
0.8384873290322582
0.8500842307692309
0.8266007999999999
0.8379530000000001
0.63712
0.840954
nan
nan
0.8443149999999999
0.8238235294117647
0.8111148354838709
0.858753
0.882426
0.8446616911764706
0.8637262893719806
0.8452679830508475
0.8386215833333334
0.8783157777777777
0.8700727545454546
0.8541894254143646
0.8535624350877193
0.8503407071729958
0.8533183525046383
0.8573748620071684
0.8523213669051878
0.8556179915966386
0.8402663617021277
0.8431725461502346
0.8182793529411765
0.8625866666666666
nan
nan
nan
0.8504601463414634
0.8471087794117647
0.8496451699346407
0.8542250066225165
0.8358590996884736
0.860828416015625
0.8510354814634147
0.8569471892655369
0.524147
0.7252765
0.887967
nan
0.8099374545454545
0.861271
0.839656
0.8654145798319327
0.8506736666666667
0.845402256880734
0.8550249382022472
0.8452421317365268
0.851019052173913
0.8357784915254237
0.8503897366071429
0.8224195333333333
0.7492074166666666
0.652435
0.7815196666666666
0.7126816666666667
0.8051524285714287
0.8458318708860759
0.8478436554740125
0.8558191222535212
0.846605995518868
0.8471431557692309
0.8459829144144145
0.8639048181818182
0.885216
0.91836
nan
nan
nan
0.8409927500000001
0.8433191646341465
0.8508540664206642
0.8537252551612902
0.8572203572938689
0.8550477743589743
0.860520630721003
0.8571780863787375
0.8552328713333333
nan
0.773455
nan
0.8170781250000001
0.8247229999999999
0.841334
0.8614492693602693
0.8669593947368421
0.8713751762295082
0.837724347826087
0.8458995029629629
0.8432715560747663
0.8512836885245902
0.8432689176470588
0.845820527272727
0.8317008333333332
nan
0.824646
0.8397279230769231
0.8533938707885305
0.8528106077777777
0.8504085581532417
0.8321484433497537
0.8511394008097166
0.8430621656249999
0.8851096300000001
0.8521820000000002
nan
nan
nan
0.8598352380952381
0.8571963689839571
0.8425681883116882
0.8660142420091326
0.8517870758017492
0.8588452517321015
0.8635813167028199
0.8659360736842105
0.8589621744966444
0.857007093220339
0.8688326
0.7942426666666667
0.874863392251816
0.8646654533333333
0.8479783214285714
0.8581069663865547
0.841914655737705
0.8623355592841163
0.8353337692307693
0.8571748820224719
0.8260068538011697
0.8446255435294118
0.8430928058252427
0.8499703243243244
0.82729325
0.89317
0.8363418473282443
0.8674323193473193
0.8488120510204081
0.8634350072019867
0.8565445475234269
0.8478828193277311
0.8430598232323231
0.8346437217391305
0.8507604973958333
0.8622312887139109
0.8650612797619048
0.792954
0.8459814999999999
0.831678
0.858740826446281
0.8409820729166667
0.861498544117647
0.8594953197686567
0.810399
0.911262
0.6747662857142858
0.8270699655172412
0.86742575
0.8563837571701721
0.8328753333333334
0.8590300576923077
0.8625097536585367
0.853561959947644
0.8137894999999999
0.8523345600000001
0.8093826132075471
0.8653108100558657
0.8321654683544304
0.8515569545454545
0.8510229695431472
0.8406334757281555
0.8429632692307693
0.8531112474226804
0.8181156842105263
0.8233061428571429
0.851117
0.8490392061919505
0.8608368034188033
0.8502271519379846
0.8421905129166667
0.8442470167597765
0.8301382039999999
0.8564951423785594
0.8549987980810235
0.8718081829457365
0.8626894262430939
0.8421124615384615
0.8697306153846154
0.7582258
0.8446998166666667
0.8462703684210525
0.8435656500000001
0.8318385405405405
0.8299025999999999
0.7631169
0.8574228439024391
0.8569937672823219
0.8621160074441687
0.8608628028368793
0.8637011258064515
0.8528671770459081
0.8600828955445544
0.8637926415282392
0.817565871794872
0.812174
0.7885947670952381
0.8660056943885209
0.8491284082840237
0.8449731097046413
0.8401690331125826
0.8477451327014218
0.8337861111111111
0.846305301075269
0.8090306153846153
0.86810076199262
0.8629438420625
0.8573183223880597
0.8527976135728543
0.8402951955974842
0.8387749459459459
0.838485225609756
0.8583339819256758
0.8543364228989039
0.8542954543429845
0.861829863063063
0.8669021907630523
0.8443955569105691
0.8608112588235295
0.8436698260869564
0.8633569999999999
0.8450334534883719
0.8383152058823528
0.8148985224489796
0.8342797
0.8624983855024712
0.8491000459183673
0.8566465596330275
0.8612552147239262
0.8641739843267108
0.851743814925373
0.8635455258680556
0.8489376227106228
0.879212603773585
0.8268689736842106
0.8386955
0.8626662192307692
0.8673659758415841
0.8587151168478261
0.82543786
0.8509230864485982
0.8420219366197184
0.8449386086956521
0.8546723522012578
0.8483509439655172
0.8498539413793104
0.8622821607142857
0.8608494901960784
0.8508533052631577
0.8585664468085107
0.8357709413793103
0.850120579787234
0.8554783108504398
0.8528379539295394
0.8608529387755102
0.8613943083003954
0.8651119219088937
0.8623579670781895
0.8657235837104071
0.8577773518518518
0.8197362499999999
0.8436891846153847
0.8442900933333333
0.8272834775
0.8415164230769231
0.8605520460829494
0.8511972178700361
0.8597415656853932
0.7722991111111112
0.8546177905882354
0.8547066623501199
0.8512914370262392
0.2333265
0.6696679999999999
0.835753
nan
0.8575908541666667
0.8607983723404256
0.8490458440972222
0.8434250714285715
0.843698238938053
0.8364436564885497
0.8387889247826086
0.8580534838534599
0.8499535535645472
0.85601364055666
0.8578696092905406
0.8304806666666666
0.8416419878048781
0.8429519112903227
0.8473691231671555
0.853291889632107
0.8564216461124694
0.8617662319480519
0.8579086347631578
0.8636173345588235
0.8649466289293849
0.8599443643659712
0.8544298698412698
0.8633816637681161
0.8573824999999999
0.8099026666666665
0.8600770266666667
0.8444753026490067
0.8050124090909091
0.8475736474358976
0.8555432844827587
0.8639090906515582
0.8617499318681319
0.88524775
0.8688535000000001
0.8286073333333333
nan
0.8518834485714285
0.8598805128205128
0.831238
0.8423283558011049
0.864714965034965
0.8572750383141764
0.8482291029129129
0.8542955321463844
0.8391377553956836
0.8500621764705883
0.8491497244493392
0.8540481268488747
0.8426508566371681
0.8565253333333331
0.8165592222222222
0.8239470303030303
0.8435255311355311
0.849776036039823
0.8485279405172413
0.8504552873831775
0.8440968467741936
0.8582988220338982
0.8646814803921569
0.8566277160120845
0.8535212896341462
0.8622324880487805
0.8588627692307693
0.6932300000000001
0.8452908387096775
0.853497980369515
0.8577949433219177
0.8555247645833334
0.8072971041666666
0.8647626818181817
0.7081644
0.8604762665505226
0.8493886013986014
0.8634158770226537
0.801374
0.8438711305841925
0.8430702754491017
0.8526391805555557
0.8471822835820895
0.8517304032921812
0.865172988290398
0.846141235528942
0.8457158918322295
0.8548540756435643
0.8349683333333333
0.8370446623821991
0.8494213414023373
0.8551979952456418
0.8466086850649353
0.81135128125
0.8241630303030304
0.8468385966666666
0.8587379836734694
0.8299430539130436
0.8553135529595014
0.849362417721519
0.8518333708439898
0.8577676119402986
0.8581108879310345
0.8536800236966825
0.8592600348027843
0.8227978
0.8198066212121212
0.6246136666666667
0.7751209642857141
0.8621597323943662
0.8518907007130125
0.8597879365384615
0.8467883107648726
0.8345540833333334
0.7408311999999999
0.8450930809248556
0.8604572872340426
0.8558739383561644
0.8521613400673401
0.8527192732240436
0.8504052905092593
0.845044
0.8438498957528958
0.8568479427480916
0.8539548389277389
0.8513464902
0.8524446608315098
0.8451202012987012
0.8477038667282809
0.8572621491477274
0.8480870548330058
0.8472816218592965
0.8540733389937107
0.82652135
0.848712437751004
0.8550711041431261
0.8534188168316832
0.850781016453674
0.8494531036971831
0.8559044503968253
0.8590950248663103
0.8450819035087719
0.8595242707236842
0.864388704595186
0.85620725
0.8487138867841408
0.853216524229075
0.838079
0.8133418333333333
0.859972604005305
0.8501844636182904
0.8528901167002011
0.8570412037777779
0.8096506428571428
0.7767514999999999
0.860652
0.85096355
0.856394384057971
0.859636088652921
0.8533155194192378
0.8514181450151056
0.8467228456221196
0.8484077498392282
0.8478838776155718
0.8540979097605893
0.8528391752980132
0.8525027344927535
0.8446944906914893
0.8476058819444445
0.849482612423313
0.8425142862571977
0.8487695618556701
0.8347666210526316
0.8381272666666666
0.8606438387914231
0.8455983382789114
0.8395292898190045
0.8467454248210025
0.8501124319838057
0.8543135579268292
0.8534095864022664
0.8468727167381975
0.8624252989010989
0.8410426233128835
0.8563791603305785
0.8457143435986159
0.853364
0.8357008571428571
0.8410672548780488
0.859278926056338
0.8356925
0.8542279215291751
0.8551001490956073
0.8657860593692022
0.8276020077083334
0.85145
0.8074015305555555
0.8360071379310344
0.8453787857142857
0.8435518938053097
0.8493804104950495
0.8551564385026738
0.8477551022727272
0.8556237320000001
0.8551905833634085
0.854349251948052
0.8257836585365855
0.8414579608808291
0.8489748189565217
0.8583404323922735
0.8227892173913044
0.8435919078212291
0.8444966819168974
0.8511196104333869
0.85430689822294
0.8520483243197279
0.851533776082621
0.8431863209026128
0.837435070967742
0.8323904545454546
0.8453576725146199
0.8398209247311826
0.8482305769696971
0.8561055793226381
0.8601768401084011
0.8562068782296651
0.8478157222222222
0.8586677142857144
0.8411547394366197
0.8601804297994271
0.8523252902972399
0.8468791842105263
0.8111679229166665
0.8534250195121952
0.8614420722543351
0.8525781884057971
0.8531158935574229
0.8571350221774193
0.8558476330860533
0.8564728047016275
0.8380757582605363
0.8441451936
0.8454010200501253
0.8529677947521866
0.857477470862471
0.8435634335443039
0.839829270718232
0.8577716956521739
0.8553586273830156
0.8413183309523811
0.8305017650273223
0.8426657412587413
0.8548039570422535
0.852903343368421
0.8185946352226721
0.839272914893617
0.8383937915057914
0.8338464247766324
0.8406683798449612
0.8377212816091955
0.8489394929577465
0.8346671203007519
0.8607665968992249
0.8603493183486238
0.8542311164869889
0.8709653636363637
0.8737502500000001
0.8474877959183675
0.8527278571428571
0.8550922613065327
0.8484024465116278
0.8537368402745996
0.8280556736842108
0.8379656125
0.823223489361702
0.852766448275862
0.8532676600660066
0.8583135316353887
0.850893906009245
0.8593669731437599
0.8501527652859961
0.8595535908096281
0.8594154533011271
0.8581085607287449
0.8565586957364341
0.8501447446300716
0.849088614539604
0.8552604442446043
0.8443797462686566
0.8415430785714286
0.8334625270481928
0.8413675350000002
0.850646427549195
0.8453408193430656
0.8368109260442261
0.8515280685714286
0.8410487043478261
0.8396247758620691
0.8330704572916666
0.8544984463276835
0.8380797121212122
0.8293969245283017
0.8668640314341847
0.8517227050147494
0.8512917263157894
0.78541932
0.8642082971887549
0.8585341782178217
0.855129795138889
0.8610144124223603
0.85949871
0.8440397626887417
0.8572703793103448
0.8403097777777778
0.8382016950314464
0.8242258000000002
0.8569500949367089
0.8590973289808919
0.8563237037593986
0.8552088169191919
0.7957356000000001
0.8446554744047619
0.8462268451327434
0.8544023435897437
0.8539234360169491
0.8490329179454926
0.8517691895939088
0.8381982571428572
0.8380188917525774
0.8323966988847584
0.8488871591981818
0.8530132448233861
0.8514366153846153
0.8484635522569444
0.8521819289906541
0.8420400505011877
0.8470025026606607
0.8281321237073171
0.842314142857143
0.8108907173333333
0.7900900000000001
0.8214299423076924
0.8614604517374517
0.8556458989361702
0.8614283553459121
0.7966745999999999
0.8609708568232662
0.8576749742222223
0.8452709888059702
0.8594837744349206
0.847567624959276
0.8544771597959183
0.8501695967455621
0.8420001618811882
0.8521045571428573
0.8340625681818181
0.8339898734177215
0.8699295294117647
0.8347761428571427
0.8441069038461539
0.8150812680000001
0.8377905914634147
0.8318219166666667
0.8597301412751678
0.8572219240780911
0.8484975824933687
0.845170380597015
0.8437785692307692
0.8484346617647058
0.8429844840466926
0.8464146306913997
0.8521087793814432
0.8584902041284405
0.8495993954591837
0.8549014326241134
0.8423286478935699
0.856735125
0.8229994065934064
0.849523156133829
0.8201715483870968
0.8461341851851851
0.8292520149253733
nan
0.8421595354166667
0.8418300955665022
0.8535942400000001
0.8438905573529413
0.841900422237668
nan
0.862993
0.8589093392218649
0.8529469221902017
0.855428534351145
0.8552577611940297
0.8443496525423729
0.8526820054945056
0.8516980217391302
0.850805172413793
0.84452928
0.854492812080537
0.8261265344827585
0.8480251167346939
0.8484980718157182
0.852672256081081
0.8537300835443038
0.8484406114942529
0.8539883191696751
0.8521255519540482
0.8403318566787005
0.8497792474516696
0.8473954784283514
0.8461420818681318
0.8436688036020583
0.8562703456483126
0.8495745702647658
0.8546878518358532
0.8514750260340633
0.8434963642405063
0.8334688695652173
0.7930614677419355
0.8382972622950821
0.8604373818181821
nan
0.8617218265420561
0.8553458250535333
0.8481887600000001
0.8529552786301369
0.85478258436214
nan
nan
nan
0.852479168224299
0.8361846033057851
0.8325155750000001
0.8471724205128205
0.8496119381443297
0.833999724137931
0.8161157681159421
0.84888115
0.8242772018348624
0.8141785151515152
0.8454334097926269
0.8511989820224719
0.8584125070175438
0.8558325945295405
0.8526592723943661
0.8488531864890283
0.8544769318600368
0.8590420621955127
0.8489170701502733
0.8511262851851852
0.8406553953488373
0.8302376962025317
0.8431820795959596
0.8421055265822787
0.8528286171874999
0.8159518768292684
0.8487128649350649
0.8481107727272726
0.8355327894736843
0.8392459220779221
0.8406025303030302
0.8585505798076922
0.8589886174242424
0.8595984628450106
0.8607419920159681
0.8572602347188264
0.8511602117424242
nan
nan
nan
0.8605398813559323
0.8356395381526105
0.850222908045977
0.8432484642857142
0.8525983661971831
0.8211935425373134
0.8505190059171597
0.8458865058823529
0.8444497950310558
0.8513786252808988
0.8518330141509434
0.8206787969230769
0.8594307213930348
0.8457094266978923
nan
0.8502450975609757
0.8573525776119402
0.8518123459770115
0.8540584113259668
0.8545713147826087
0.8488356666666669
0.8246942205882354
0.8457249973939394
0.8410121269349846
0.8503080095
0.8446968409090908
0.8331883597122303
0.8477938028169015
0.8377413709677419
0.8520855612903225
0.8475164356435645
0.8638354543859648
0.859390365535248
0.8544477045454546
0.857307785046729
0.8605879405034323
0.8637997325905292
0.8643126920152091
nan
nan
0.8393101202702703
0.8451609154929577
0.8441572738853503
0.8511456622516557
0.8523318432835821
0.844099357827476
0.8472769380952381
0.8553043450704225
0.8521012091503268
0.8425561356164383
0.8476486392405065
0.839902711790393
0.8513774177693761
0.8578156005141387
0.838417238095238
0.745811
0.8483981250000001
0.8512128419243987
0.8529312204946997
0.854355445972495
0.8531212257142858
0.84284825
0.8454059979919678
0.8526279426124197
0.8541622326203209
0.8449548444444445
0.8483147894736842
0.8386065448275862
0.8411235952380952
0.8517881666666668
0.8384262522292992
0.8634728801498127
0.8642010939597315
nan
0.8516188337950138
0.8581002158163265
0.8641567944162437
0.8613512871972319
nan
nan
0.8398854029850746
0.8596630931
0.8640245794871796
0.845939119205298
0.8272294000000001
0.8516055079365079
0.8451154038461538
0.8517696257668711
0.8522007333333333
0.841800861445783
nan
0.8544715258992805
0.8454574451901566
0.8677780265486724
0.8488301395348837
nan
0.853570628727564
0.8612583469849246
0.8459126009705883
0.8546134812217193
0.8438817407801419
0.840906897372549
0.8436513263291139
0.8595445044378699
0.8480365524475525
0.8543864866180049
0.8326390298507463
0.8380305987261145
0.8468364296875
0.8506706032388663
0.8542175984251966
nan
nan
nan
0.8515044241071429
0.8621899232409381
0.8623180953846153
0.8569589768518519
nan
nan
nan
0.8766511266666667
0.8653814673366834
0.8649292010723861
0.8572782515723271
nan
nan
nan
nan
0.8463092739726028
0.8604578770131771
0.8553209417289257
0.8544483007317073
0.8255288969072166
0.8476549036065574
0.8490075000000001
0.6358544000000002
0.8849416666666666
0.8652224561797753
0.840533445
0.8467196676549866
0.8518332177985948
0.8530112772466538
0.8508001865230769
0.8562336846652268
0.8285414675675676
0.8440519069767443
0.8247846860465118
0.827587163265306
0.8523532571428571
0.8491861782945737
nan
0.8657042946428571
0.865064997032641
0.8701442865275143
0.8661427537878787
nan
nan
nan
nan
nan
nan
0.8679534757281552
0.8694148781362007
0.8667526225352112
0.8721310328767122
0.8550957697841727
nan
nan
0.8666304848484848
0.8652674717008797
0.84585803187251
0.8441015433212996
0.852120073943662
0.8609834065217391
0.860561970967742
0.8627157586206896
0.6919311428571427
0.8519936107142858
0.8484304999999999
0.8504182785714286
0.8375602445414846
0.8586777950819672
0.8524619918994415
0.853058332038835
0.8573670397727273
0.8474572139534884
0.8223368039215686
0.8348794761904762
0.8440092307692308
0.8454006701030928
nan
0.8558382046511628
0.8644257902946274
0.8598347978533095
0.8715346968325792
0.8622712379032258
nan
nan
nan
nan
nan
0.8691292364672365
0.8736061829268292
0.8647816366047745
0.8692280533333334
nan
nan
0.8676397371794872
0.858218887459807
0.8579261398926654
0.8577701576576575
0.8456762081632653
0.8510414962025316
0.8599616878077374
0.8478717793103447
0.84533508
0.8237088529411764
0.8603343461538462
0.8458840632911393
0.8378040129032257
0.8503622631578948
0.8528142305606059
0.8498568117490494
0.8525351982668977
0.8533873201058201
0.8387675519999999
0.8621099826464208
0.849016702020202
0.8595642931034484
0.8565138190476191
nan
0.873415847972973
0.8656302240963855
0.8655299867724868
nan
nan
nan
0.8593488441558441
0.8818455635
0.875791149812734
nan
nan
0.8702957296511628
0.8629725978835979
0.8708236632302404
nan
nan
0.8604285462555068
0.8669150320366132
0.8678716700767264
0.8536583498098861
0.8589577218390806
0.8602147611769231
0.8630489048844374
0.8542323050196079
0.854098245762712
0.83881165
0.8525121999999998
0.8636603432835821
0.8724354689440993
0.8680326764150197
0.8565461048543689
0.864246841168091
0.8467824832208123
0.8512240000000002
0.8413740616438357
0.862254531716418
0.8601525560251938
nan
0.8567254910714287
