nan
nan
nan
0.8358625
0.8714455302013424
0.8479322499999999
0.848025953488372
0.8452614825870647
0.8404338666666668
0.8491837019230768
0.8512987850467288
0.7896253611111113
0.8347893122807019
0.6752870071428572
nan
0.841904
nan
0.8911043333333334
0.7418419948888889
0.835994
0.77486725
0.859079157894737
0.8861254201388888
0.8730795183946489
0.8579569034482759
0.8670528032505354
0.8740484716049384
0.8587259278350516
0.8654103927184467
0.8560398520642201
0.8600566217008798
0.8737395508196721
0.8515968253521127
0.8656855350877192
0.8580047913395349
0.8673305064885497
0.8692713609756098
0.8609387809523809
nan
nan
nan
nan
0.8777221666666667
0.8421293950617283
0.8452047
0.8269325849056604
0.8482969726027397
0.8533097075471698
0.8325611179775281
0.8401216581196582
0.8485686000000001
0.8535855294117647
nan
0.853415
0.7676955
nan
nan
0.8929214999999999
0.8374785
0.875677
nan
nan
0.86807825
0.8741406216216216
0.8696110552083333
0.86571366796875
0.858589779116466
0.8476387033333332
0.860513745945946
0.8574726252225521
0.8430826995833333
0.8608982819964349
0.8535094615384614
0.851500301980198
0.860365834532374
0.8606196533453236
0.8627544222222223
0.8662301814946619
0.8678394172661871
0.8826052837837837
0.8764706666666666
nan
0.527969
0.8445392999999999
0.8667234752475247
0.831033862745098
0.8578068333333334
0.8375571785714285
0.8481655223684212
0.838569420289855
0.8447083780487806
0.8429774226804124
0.8382093333333334
0.8551142830188678
0.8435213361344538
0.8566123636363637
0.845538
0.88181095
0.8652267772277227
0.5878782499999999
nan
0.783587
0.8286410000000001
0.8434254062500001
0.8582074060402684
0.8597998607594939
0.8568404913494809
0.8593595705882351
0.8540198080962802
0.8579554663865546
0.8497792474449339
0.8494872453333334
0.8430667234042555
0.8457237840909091
0.8326674912280702
0.8646007179487181
0.8554171569767443
0.8802941473988439
nan
0.8709799006622517
nan
nan
0.8756494
0.881899
0.8815712307692307
0.860155
0.8507245000000001
0.8117728648484849
0.8231353795031056
0.8314714947368422
0.8471601838235294
0.8345943222222222
0.8596238541666666
0.8464585811881187
0.8582845810810811
0.8560032272727272
0.8348800000000001
0.8790222191011237
0.8637533913043478
0.8643733198461538
0.8634630346743295
0.89626275
0.8372820714285715
0.636571
0.8443130331125828
0.844789885106383
0.857214989361702
0.8394600272727271
0.8483998592233011
0.8567967522935778
0.8456346417272728
0.8515899947939263
0.8468815142857142
0.8281255555555554
0.8611468528990227
0.8623781644908615
0.863750715710723
0.8566910074074072
nan
0.8704323333333333
0.834635875
0.8763913125
0.8734748695652172
0.8604535
0.8590539099099099
0.8660546094420601
0.8428403947368421
0.8448685868263471
0.8214721176470589
0.8413207225806453
0.8324527572649572
0.847679887254902
0.839742584768212
0.8364502295336788
0.8457066363636365
0.843480287037037
0.8311380000000002
0.8381401666666668
0.8513455877675842
0.8561322161520191
0.8408188859934853
0.8575650322580646
0.8363439405529954
0.8659143431818181
0.8505624612546125
0.8651362416107381
0.8526632949820788
0.8572788640483385
0.845720070110701
0.8437625325102879
0.830569268292683
0.8482762661870504
0.8415100875
0.8474894304123712
0.8584306310311111
0.8659896932515337
0.8690104612676057
nan
nan
0.8692847338709677
0.8660395000000001
0.900609
0.8026176000000002
0.8606190187265916
0.8521537333333333
0.8477822413043478
0.8611894724573378
0.8564995323273809
0.846163982300885
0.8282801075268817
0.8206515052631579
0.8438623900709219
0.8419591157024794
0.8311622727272727
0.8271329999999999
0.8334654444444444
0.8718226666666666
0.830314158201058
0.856560970744681
0.852978709382151
0.8569124690140845
0.8530883247978438
0.850031331210191
0.8525142421652421
0.8537292228739003
0.8608163757575759
0.8653952825396826
0.8514733220063695
0.8408755572519084
0.8249209041095891
0.8133527623762377
0.8441004139999999
0.8563334835164838
0.8565674575757576
0.8691863874345551
0.8623637575757577
nan
nan
0.8624425255813953
0.8742694808743169
0.8795286666666667
0.83870784
0.8667352123893806
0.8585224999999999
0.8548477131147542
0.8604041444444445
0.8664909861751152
0.8602521270916335
0.8358513062111802
0.8469626185567011
0.8038419514285714
0.8379503529411766
0.8447476923076922
0.8391309779411765
0.8435024054054053
0.8190028208955223
0.8638457552631579
0.8487869690402476
0.8370673794801324
0.8578236115116279
0.854005944
0.8631003877952756
0.8485244926517573
0.8657756637554586
0.8622224280701755
0.8509946440926367
0.8521359898268398
0.856663384040404
0.8599339657794677
0.8584709999999999
0.8298063444444443
0.8484319105691058
0.8509075040650406
0.8434860927536232
0.8285268333333332
nan
nan
nan
0.8631434504504505
0.8741739999999999
0.8657123333333333
0.8709456764705882
0.8678370346020761
0.8438185
0.8598044182879377
0.8614871393662791
0.8496914894366198
0.8612311567944251
0.8420996896551723
0.8637874928571427
0.8478877857142858
0.843740490118577
0.8446182
0.826157724409449
0.8326769894736842
0.852926123616236
0.8512869389067523
0.85786127
0.8536467716261682
0.854234803
0.8489077682619648
0.853336094117647
0.8598118112033195
0.8526134330985915
0.8352464273381296
0.8399689320987656
0.8594114404761906
0.8530466613636363
0.8653678012139605
0.8420800962566845
0.8152208070175438
0.7823007142857142
0.8024521428571428
nan
0.880297
nan
nan
0.8656082561576355
0.8659951043956043
0.8511133750000001
0.8829555
0.856365
0.8614451981538461
0.8586837330316742
0.8628712107728338
0.8679634894259818
0.8109172307692308
0.8397802142857144
0.8164983846153846
0.8394871862745097
0.8252590156249999
0.8438541978021977
0.8317212247191011
0.8420635384615386
0.8688209689578713
0.8574605656934307
0.8465417698795181
0.846461144262295
0.8533996707616708
0.8473746609442062
0.8439997921146953
0.8594379580838324
0.8556985403225806
0.8545199936708862
nan
0.8550782071713148
0.8437759574561403
0.8369406107883818
0.8548446381322957
0.8423309295049507
0.863268
0.883912
nan
nan
nan
nan
0.8584591978609627
0.8609965164179104
0.8620860569395018
0.8642209221556886
0.8567470093457945
0.8668099764011798
0.8663461511335012
0.8654489906542056
0.8597084841975308
0.8601157513513513
0.8264310384615385
0.795501111111111
0.8801574999999999
0.8064455
0.8280738658536585
0.8378662285714286
0.8484998089171973
0.8464134444444444
0.8458567777777777
0.82578155
0.8465963333333333
0.8418419858657245
0.8516384628062362
0.8346261480547111
0.8497030746753247
0.8437360697674418
0.8459789295454545
0.8420471649484537
0.8500206614173229
0.8465894211267605
0.8558420770588233
0.8419716666666667
0.8254335887850468
0.8654325999999999
0.858873
nan
nan
nan
nan
nan
0.8439358295454545
0.8744147827586207
0.8576645734597156
0.8739525604203153
0.817854411764706
0.8665518687782805
0.857051023255814
0.79693304
0.8501900967741933
0.8080735
0.871029
0.8393675
0.7983313333333334
0.8450930338983051
0.8485828976377953
0.8564108048780489
0.8474497073170733
0.847062448
0.8400808235294116
0.8304871025641026
0.8603750000000001
0.8520416977469671
0.8562903422982886
0.851890635026738
0.8406220320422535
0.8417989072164949
0.8492859895104895
0.8622996804123712
0.8450062153594772
0.8558078175166296
0.8539922680412371
0.8593557431818182
0.8378158444444445
0.8296427321428572
0.8666811894736843
0.667755
nan
nan
nan
0.8582349770992366
0.8616654295774648
0.8628852317073171
0.8440626425120774
0.8644288873096446
0.8663633208955223
0.8566531184210526
0.857497
0.8859152
0.8561847777777777
0.867391
0.711976623625
0.8447520000000001
0.8478374371257487
0.8543563924731183
0.853891142857143
0.8447425585585585
0.8371301134751772
0.8459243931623931
0.8496382142857144
0.8692076550802139
0.8502818368580062
0.8510776810055867
0.853880889910314
0.8585201800518135
0.8463600646489103
0.8526662823984524
0.8489397435064935
0.8501990684931506
0.8546400332409971
0.8469212458666667
0.8509569365079364
0.8462906475728156
0.8463988778280542
0.8540987330677291
0.8491921079136692
nan
nan
nan
nan
0.8626544462809915
0.8675733006756756
0.8615394351351351
0.866444859922179
0.8647903799283153
0.841085965125
0.8531732142857142
0.874418
0.7220199875
nan
0.85117675
0.8517031724137931
0.8612542215189873
0.8469539919354838
0.8403626666666666
0.8503016331360945
0.8475537965116278
0.8447606779661018
0.864397953488372
0.8278530000000001
0.8504395578947369
0.8542115469613262
0.8523347725676328
0.8522011694444444
0.8465949098409091
0.8499332425531915
0.85168646105919
0.8487363605263157
0.8548620384615384
0.8574288825503357
0.8495794882911394
0.8544131486988849
0.8457121583561644
0.8556914285714283
0.8550088059859153
0.8647977336244541
nan
nan
nan
0.8522958974358973
0.8739054918566777
0.860118704797048
0.8622947725283019
0.8646109562289561
0.846513111111111
0.8527847500000001
0.874458020242915
0.868807543478261
0.84717475
nan
0.858812
0.8432143493975903
0.8429399642857142
0.8500045833333333
0.8411378977272725
0.8043887249999999
0.8547020985915491
0.8370992419354839
0.810406
nan
0.8478667833333333
0.857537185882353
0.8472527316293931
0.8421483956953643
0.849812473871734
0.8520309886685552
0.8566845183157895
0.857503886877828
0.8599435454935621
0.8533598374558303
0.9100456666666666
0.8467253139240507
0.8554701361344538
0.8520800322580646
0.8653521899224806
0.8588981555555557
0.8665425961538461
nan
nan
nan
0.864811353233831
0.8596752600896861
0.8624780894039735
0.8587340880000001
0.91772575
0.86708
0.8708718140495867
0.8622192733812949
0.8614773684210526
0.8339394090909091
0.8788572834008096
0.8410282307692307
0.8360539210526315
0.8037588333333334
0.843328905109489
0.831479640625
0.839491940677966
0.8543063939393939
0.765598
nan
0.8616495901639345
0.8555032000000001
0.8078084848484848
0.8295010853658535
0.8437972135922327
0.8357031834061136
0.8591284088888888
0.860632876616052
0.8630134280936456
0.8650013750000001
0.805014
0.8612890794117648
0.8491476104218363
0.8498317511312217
0.8637802283950617
0.8630642571428571
0.8575760186046513
nan
nan
0.8439526241134752
0.8558780909090908
0.8702801844919785
0.8621027967032968
nan
0.8919053
0.8642757012987012
0.8482202626262626
0.8652836626139817
0.864411527173913
0.8441696500000001
0.8486062000000002
nan
0.8520561666666667
0.8609427777777776
0.8476615696202531
0.8492095425531916
0.8516885416666667
0.8789468507462687
0.8728123577235771
0.0
0.757735
0.8247985151515153
0.8266395
0.8366529523809523
0.8414096981132074
0.8041394895833333
0.8430493653846155
0.8462819834254144
nan
0.82754
nan
0.796879
0.8278370394736841
0.8606084557951482
0.8479987103448275
0.863537828125
nan
nan
nan
0.8394991382978724
0.8746643442687747
0.8692338693693694
0.8637029871621622
nan
0.888159
0.8626448181818183
0.8393280544554458
0.8550795647058825
0.8561556394557824
0.8798573654822336
0.835641
0.878842
0.8175098333333334
0.8705589259259261
0.8324156666666666
0.7906798333333334
0.8550744736842105
0.8740326837142857
0.875892138211382
0.8400339750000001
0.8463836911764706
0.8591477096774193
0.8331371121495327
0.840708006896552
0.8645159166666667
0.8524774951456311
0.7959858259259259
0.8349417857142857
0.8464812089552239
0.8569536
0.893879
0.86126508
0.8648885010020041
0.8612845601023018
0.8581658545454546
0.7568049
nan
nan
nan
0.8616124367816091
0.8562629793103448
0.8699365737051793
nan
nan
nan
0.843430875
0.8560164827586206
0.857593891402715
0.8804934929577465
nan
0.830991
nan
0.7992330000000001
nan
nan
0.7937084545454546
0.863241308
0.8648560803382664
0.8240985901639345
0.8454166184210528
0.8477954273504272
0.8597836898047722
0.8551105701550388
0.8383448085106382
0.748594375
0.839844261382353
0.8481349758620689
0.848204376146789
0.847967936
0.8484029684210526
0.8654234250602408
0.8626385076142132
0.8682303965020576
0.8664910711297071
0.8482486615384616
0.8617807142857143
nan
nan
nan
nan
0.8811903825503357
0.881312125
nan
nan
0.883911
0.8474115652173914
0.8697718692810458
0.8723717456896551
0.843897125
nan
nan
0.8523213333333333
0.0
nan
0.7820162500000001
0.8485541607929515
0.8604496329503105
0.866783536687631
0.8434470466666667
0.8230072708333335
0.8337795822784813
0.8713686283987915
0.8590291674193549
0.8529053483333333
0.8444818435013263
0.8599339387509506
0.8464873115537849
0.8411892482876713
0.8559021351351351
0.8616825051759833
0.8574992523961661
0.834451840909091
0.8618052727272727
0.8173577674418604
0.828045
nan
nan
nan
nan
nan
nan
nan
0.8157012857142858
0.8829434432989691
nan
0.8750770746561886
0.8707525336538461
0.8246593518518518
0.8594776666666667
0.80731
0.86087
0.846218
nan
0.726225
0.8699821515947468
0.8367554397590362
0.8514994344262296
0.8651956023529411
0.843140304347826
0.8535249999999999
0.8353235490196079
0.8603548478802994
0.854821047311828
0.8608964546052631
0.8591084740046838
0.8494649754504504
0.8615831796116504
0.8641818198789346
0.8641055086848635
0.8563327253521126
0.829641769230769
0.83469675
0.940331
nan
nan
nan
nan
nan
nan
nan
nan
nan
nan
0.8774010854271356
nan
0.8760177511520738
0.8721660746268657
0.8511064636363636
0.8708791791044775
0.8728400714285716
0.896057
nan
nan
0.5638205000000001
0.8552097293577982
0.8688882261904762
0.8557130255102041
0.8563139559471366
0.8464284768595041
0.8290904520547946
0.8550489345794393
0.8582254727272727
0.8560699630316092
0.8523027001972387
0.8516636923971832
0.8559736935483871
0.8563721375464683
0.8638805039867109
0.8588201096345516
0.7593855
0.677192
nan
nan
nan
nan
nan
nan
nan
nan
nan
0.879359
0.852904
nan
0.8428735396825398
nan
0.8737857685185185
0.8644480681818181
0.8493554827586207
0.8554442727272726
0.8397840571428571
0.941313
nan
0.8783915555555556
0.8671855551020409
0.8514183043689321
0.8635130408955225
0.8616893570422535
0.862423093220339
0.8533118461538461
0.8601090621468926
0.8538549074074074
0.8548175408163265
0.8294403715025906
0.8487298028225807
0.858855539661017
0.8556897368421053
0.8452388874635568
nan
nan
nan
nan
0.8749404999999999
0.8239369333333333
0.8480025882352941
0.741558
0.8214703333333334
0.8204
nan
nan
nan
nan
nan
0.894065211111111
0.8858120405405405
0.8665287446808508
0.887751
0.8311985454545454
0.821586
0.839445
0.799105
nan
0.5274635
0.8649760074349442
0.8666647138157895
0.8602721673640168
0.8341312320000001
0.8516478314606742
0.8572596286472148
0.8607861257309942
0.849206701516854
0.8621504634146342
0.867177
0.8371663333333332
0.8405654094488189
0.8481577664150943
0.8607845632183909
0.8587194
nan
nan
0.647651
0.8368672615384616
0.8507880833333333
0.8534209134615385
0.8464899318181818
0.7543688571428572
nan
nan
nan
0.842786
0.7960471666666665
0.8599330000000001
0.7722289571428572
nan
0.8194243333333334
0.8847127971014495
0.867637
nan
nan
0.84678175
0.8935545
nan
0.85985972815534
0.8651709308510641
0.8552658477815701
0.861992242074928
0.8612155778894471
0.8553598877729257
0.8579546176470588
0.8653153965517241
0.8361616166666668
0.829333
0.7447653333333334
0.8283749285714287
0.8630185975609757
0.8632766918918918
0.8678390487804878
nan
nan
0.8262549285714287
0.8431652826086956
0.836469671875
0.8321767047619049
0.8607435789473684
0.8546021320754716
0.8359305555555555
nan
nan
0.874135
nan
0.83496732
0.839276484375
0.8568461666666666
nan
nan
nan
nan
nan
nan
0.8904666666666666
nan
0.8694328888888889
0.8316429999999999
0.8562174707446809
0.8577376574394463
0.8508800493927126
0.8512109388095238
0.8471274313725491
0.8511696564954684
0.8675375803571429
0.818481142857143
0.8166093999999999
nan
nan
0.8446287083333334
0.8704400405405406
nan
nan
0.8548061320754717
0.8708030697674418
0.841002760869565
0.8572645151515151
0.8435172625698324
0.8560372857142857
nan
0.849896
0.798355
nan
nan
0.8730525
0.8756522199999999
0.8580664344262295
0.8684610571428573
0.834242
0.868871
0.8693532176165802
nan
nan
nan
nan
nan
0.7380369714285715
0.8486137079646018
0.8682631749174918
0.85320165
0.8614358679012347
0.8578184147783252
0.8542238976897689
0.8599889074626866
0.8674715576923077
0.8546972636363636
0.8422605
nan
0.8113074285714285
0.8562061005988024
0.8639547427385893
0.8264755599999999
0.8556212285714285
0.84067971875
0.8415591904761905
0.8526644601769913
0.8597119615384615
0.8139986749999999
0.863069
nan
0.828586
nan
0.8542195
nan
0.8362838
0.8447966105263158
0.8637568518518517
0.848533109375
0.8351943118279569
0.829221642857143
0.8787511157024793
0.8716866666666667
nan
nan
nan
0.822612
0.8329002045454547
0.8585335409836066
0.8585038541666666
0.8603830823204419
0.8602004759358288
0.8561744702702702
0.8599063619909503
0.8641221003048781
0.86031172985782
0.6009273399999999
0.8384365
0.8677495
0.8186649523809525
0.8684513116438356
0.8582450341523341
0.8580447619047619
0.8633382157894738
0.8362565423728813
0.8537138666666667
0.8543347692307693
0.8385810769230769
0.8564599090909091
nan
nan
nan
nan
nan
nan
0.8477722833333334
0.8630466396396397
0.8377373875968993
0.8523102405063291
0.8569823777777776
0.8565502785515321
0.8743602
nan
nan
nan
nan
0.8781356666666666
0.8552562773109244
0.8537581428571428
0.8630466855895197
0.8547655289962827
0.862225511764706
0.8424505462184874
0.8620018340807174
0.8596316565934066
0.8523685222222223
0.8047864
0.8598126
0.838027
0.8373958461538462
0.8603743043478262
0.8544193580246913
0.8567812994652405
0.8773270872483223
0.842379051724138
0.8531361034482758
0.8355654666666668
nan
nan
nan
nan
nan
nan
0.8673946575342465
0.8689095344827586
0.867502849489796
0.8584620992907802
0.8457567428571429
0.8558926488599347
0.8649597438423644
0.8653980464396285
0.8660427040358745
0.883471
nan
nan
nan
nan
0.860516872
0.8689580100250627
0.8621546262975779
nan
nan
0.8559052833333334
0.8618331542416453
0.8534092230483271
0.8501947575757577
0.8309076666666666
0.65083357
0.8443886238532109
0.8699334429530203
0.8683284227941177
0.8742621635327636
0.8722456078688523
0.8702957669172932
nan
nan
0.85049025
nan
nan
0.847615
0.8465076
0.814996
0.825248
0.822999
0.8686795898617512
0.8657225730337078
0.8660651311004783
0.8570558518518516
0.8647563359374999
0.8532822727272729
0.8676954753246753
0.8673065586353945
0.767983
nan
nan
nan
0.848496
0.8575630209973752
0.8622998504273505
0.8631467416666666
0.8366428080357142
0.8411789398907104
0.8429108518072288
0.8615048078431372
0.8595629690656564
0.8566948015873016
0.8516984301075269
0.8757973851851852
0.8701312366863907
0.8611824895397489
nan
0.8615194302325583
0.8674682095808383
0.8661274669811322
nan
nan
0.8342685000000001
nan
nan
0.7896213333333333
0.884358
nan
0.8638215
nan
nan
0.8636052959183672
0.86188293220339
0.8602902155688622
0.8668909242063493
0.8484930966386554
0.803519935483871
0.8586855238095239
nan
nan
nan
nan
0.90938
0.8609388190476189
0.8458969351145038
0.8576774016203704
0.8537107952586208
0.8634853253731345
0.8677677087794432
0.8639092941176468
0.858083019047619
0.8664351561712846
0.8626820723404254
0.8445777692307693
0.8639141573529413
0.8749921546391753
0.8672511428571431
nan
nan
0.8660084921875
0.8785514848484848
0.813750375
nan
0.8685413333333334
0.867405
nan
0.786108
0.881963
0.871004
0.9014945000000001
nan
nan
0.802252
0.8484616666666667
0.8616243858156029
0.8549886551724137
0.8495028382619048
0.853432871886121
nan
nan
nan
nan
nan
0.8646792098765432
0.8596535685785536
0.851750892670157
0.8525532871794872
0.8614852815249266
0.8534810899182561
0.8607026633663367
0.8535448607594937
0.8588613037037036
nan
0.842877
nan
0.8093159999999999
0.8558076363636363
nan
nan
0.8642923333333333
nan
0.8470913333333333
nan
nan
nan
nan
nan
nan
nan
nan
0.8463555333333334
0.8005574166666668
0.8540976363636364
0.852314401025641
0.8493892439024391
0.8636663990384614
0.8538805238095238
0.8730290440192925
0.885013
nan
nan
nan
0.7149956666666667
0.837721965116279
0.8592566436363636
0.8451176388746803
0.8623967722513088
0.8562567107623318
0.8571308536585367
0.861695623931624
0.85770905
nan
0.8004773333333333
nan
nan
0.866617
nan
nan
nan
nan
0.86596
nan
0.201681
nan
0.8789934
0.8780410000000001
0.8689821860465115
nan
nan
nan
0.7995066
0.8545068967741937
0.860712015873016
0.859605122587269
0.8578822988505747
0.863698794520548
0.8591377158671586
0.8571034297520662
nan
nan
nan
nan
nan
0.8577255643564355
0.8566962644200476
0.8577238248730964
0.84748626446281
0.8562685161290323
0.8489513692946059
0.8673184036939314
nan
0.83688
nan
0.8906347142857143
0.666235
nan
nan
nan
0.47808255
nan
nan
nan
0.833458
nan
0.8445549545454546
0.7873266521739132
0.8670613417721519
0.853038
nan
0.875606637195122
0.8623755627906976
0.8663656291079813
0.8534728546511627
0.853227219512195
0.8571039907407408
0.8265221075268817
0.8516899540229886
0.8122839736842105
0.85752175
0.077005
nan
nan
nan
0.8482843310344829
0.86063939481268
0.8528800696969697
0.858204145440806
0.8516620909090911
0.8634259640718563
0.8575688471631207
0.8619947466666668
0.8442124285714286
nan
0.7139380000000001
nan
nan
nan
nan
nan
0.8622873333333333
0.8637696666666667
0.8396063
0.8321403333333334
0.8325155777777778
0.846193027027027
0.8558917596153847
0.85932875
0.8446731333333335
0.8912659119999999
0.8750141446540881
0.8649749217877095
0.856393208955224
0.8598966315625001
0.8433781380952381
0.8542466228956229
0.8554554432989692
0.8328908113207548
0.852057640625
0.830768
nan
nan
nan
nan
0.8616728095238095
0.8517823385826773
0.8348839376923076
0.8460495384615385
0.8541636241134752
0.8603626994065283
0.8544477699115043
0.8495450170940171
nan
0.666356
nan
nan
0.8831699999999999
0.6265162500000001
0.8935095
0.8821992822299651
0.8329011428571429
0.7922404000000001
0.8869757906976745
0.840340733333333
0.8479965822784808
0.8437507656250001
0.8598466928571428
0.7419257692307694
0.845522375
0.801251
0.8493253333333333
0.5779415
0.7982329285714286
0.8381098859649123
0.8581142222222221
0.8689508375634517
0.8523748148148148
0.8530920931677018
0.8426622341666667
0.8737371690140846
0.769715
0.95
nan
nan
nan
0.8302677909090909
0.8375156019417477
0.8597775216589862
0.861372782722513
0.8472443886255923
0.8508709341317364
0.8583484098360655
0.8732918473282444
0.8636226455696201
nan
nan
nan
0.8455135869565216
0.8444351250000001
0.816092
0.8752308655462183
0.8753674791666667
0.8638045373831776
0.8375969565217389
0.8249856440677967
0.8478523833333332
0.8587097449664428
0.8431184925373134
0.7967552894736841
0.7970428
0.870365
0.836792
0.7882164615384616
0.8383846350710901
0.8528010120448178
0.8474398941444444
0.8349386842696629
0.8520753033707866
0.8412079496402879
0.871776475609756
0.8532645454545453
0.856063
nan
nan
0.8476681509433962
0.8596401269841271
0.8381472906976745
0.8668176677316295
0.8666111361111111
0.8610414423791822
0.851134675091575
0.8606869520547945
0.872145924528302
0.8583586125
nan
0.8481769
0.8651345310160429
0.8729903243243242
0.8816837999999999
0.82954925
0.8432177931034484
0.867705146103896
0.8484226842105264
0.8481628673469388
0.8364361612903225
0.8557062564102565
0.8209987343749999
0.8140280975609756
0.8230931153846153
0.69643
0.8573296319444444
0.8628514558139534
0.8582852417061612
0.8524076946843854
0.8640174279475982
0.8533058511904763
0.8479328072916666
0.8328870344827586
0.8566754593442623
0.866023223628692
0.8780522421874999
0.9047535
0.8771625000000001
nan
0.8496964479166667
0.8408917659574466
0.8448731666666667
0.8593095671641791
0.756209
0.219823
0.8040481111111111
0.7532160173913044
0.8730175
0.865687032247557
0.8739142500000001
0.8630040079681276
0.8681967851239668
0.8650923233518005
0.8096759523809522
0.8700739999999999
0.8555459473684212
0.8768462147239263
0.857780361111111
0.8270227721518986
0.8441495816326532
0.8517610714285714
0.8569584705882353
0.8566516911764707
0.8065606363636365
0.8478368571428571
nan
0.8697562933333334
0.8617360584795323
0.8643260658436214
0.8383318642857144
0.8369597349397588
0.8295155867768595
0.8553874974489796
0.8689650188732395
0.8737898211009174
0.8750201595505619
0.8631898157894736
0.7937633636363636
0.8461721666666667
0.8534368000000001
0.8489632395833334
0.8357605666666665
0.8319487358490565
0.808275
0.7970927333333334
0.8548185872093023
0.8695869678362573
0.8477685313829787
0.8593146964980545
0.8591156666666667
0.8649835699763593
0.8527191416666666
0.8619176625730995
0.8354472962962964
0.551441
0.811765
0.8597713576388889
0.8630804780141844
0.8418299489795918
0.841917610619469
0.8149054600000001
0.8554176666666667
0.8453261333333334
0.8349311481481482
0.8581632437500002
0.8550929841121495
0.8631085569620253
0.8572895900383142
0.8409804868421052
0.8352116836734693
0.8399218606557376
0.8460723589743591
0.8555883356616703
0.8545609387755102
0.8730578297101449
0.8603753068965517
0.848054456190476
0.8590358406015038
0.8479901666666666
0.8446826666666668
0.8498724165289258
0.8256380948275863
0.8680820322580645
0.8429313684210525
0.8716343432203391
0.8617497438596492
0.8631060171428572
0.8547447935779816
0.8631881397820165
0.8568226432432431
0.8677972551020408
0.8530901571428571
0.857167476190476
0.8548595333333334
0.81114
0.8626426233766235
0.8553725791855203
0.8521132897727273
0.8240939
0.8606016601941747
0.8545405568181818
0.8385931285714284
0.8587250773993809
0.8546919263157897
0.8427895549738221
0.8687157564986738
0.8600980707964602
0.8603638226950354
0.8441061544715447
0.8413066736842106
0.8543595576208178
0.8610537810526315
0.860014023255814
0.8713224355555556
0.862577170909091
0.8689024705882353
0.8667345947368421
0.860492746630435
0.8582194626865672
0.8304725
0.8688207835820896
0.8561319765625
0.8323237575757575
0.8457944603174602
0.8423768807339449
0.8514927291304347
0.8560941652482269
0.8266450000000001
0.8559698295964127
0.8704068535353535
0.8456353218934911
nan
0.844017
0.8484907142857143
nan
0.8453107699115046
0.8717175928338762
0.866744595890411
0.0936028
0.8632156984126983
0.8455628735632186
0.8492318622754492
0.8528487230392156
0.8693184397321428
0.8557346336206897
0.8669304373259052
0.8559882903225807
0.8450737500000001
0.8532544803921569
0.8548633086956523
0.8661477615176152
0.8544060797101449
0.8453852353191489
0.8518068584097859
0.8693304324324325
0.8663241516129031
0.864293985915493
0.8718027876582278
0.8687362329749104
0.820997
0.643985
0.8426663015873016
0.8460554189473686
0.840851112
0.8456635163934427
0.8572295000000001
0.8450093522378048
0.8678229288888888
0.8586082500000001
nan
nan
0.8621664705882353
0.8587421202185793
0.856546541871921
0.827013
0.8443257312000001
0.8588987350956522
0.8488559729729729
0.8577077079646018
0.8592785621890547
0.8383453821138211
0.8395174098360656
0.8626242893772893
0.8606237896341463
0.8593526071428572
0.8427941052631579
0.8200221666666666
0.8518182173913044
0.8430825178571429
0.8712236728971963
0.8551588775510203
0.8464183836538461
0.8540350170940171
0.8539063384615385
0.8658187018348623
0.8526048895027624
0.8559682924901186
0.8709648127906976
0.81132275
0.837955
0.8529575400000001
0.863251701923077
0.8673453685152056
0.8478987430081633
0.848533606060606
0.8823258181818182
0.9014770000000001
0.8655778455729166
0.8584169175824176
0.8525814322033897
nan
0.8613504574898787
0.8631939127906976
0.8629351476510068
0.8477203712707182
0.8472912555555555
0.8671097722419929
0.8565809967078654
0.8565400354037267
0.8543486295180723
0.8548932803738316
0.8426432527881041
0.856438766467066
0.8571834533333333
0.8515743363636363
0.8339231481481483
0.8161564285714286
0.8545407652582161
0.8628379492063492
0.8478617398734177
0.858383823690773
0.8602803580923913
0.8451293943693693
0.8625920285714285
0.8638089080779944
0.862869780678851
0.8579186290322581
0.854522
0.8542207333333334
0.775478
0.8145274666666665
0.8514686163561076
0.8531399330909091
0.8658242952380953
0.860542423580786
0.851518642857143
0.8801615
0.8321886399999999
0.8677148195488722
0.8608036171821307
0.8620704612676057
0.8565948044354839
0.8477375440000001
nan
0.8578675646258503
0.8639195951417005
0.8592851981981982
0.8504238843283582
0.8508906463768117
0.8435580129999999
0.8552754583333333
0.8570379411401273
0.8569706865764707
0.8415323884615383
0.8414975421686746
0.8383417916666666
0.8324658450980393
0.855762992
0.8600054484375
0.8582270601631703
0.849496098003992
0.8655544188053096
0.8579494133333333
0.8481630769230768
0.8597105440613028
0.8568616349206348
0.8712095999999999
0.8561340383333333
0.8448913797252747
0.855657
0.8056885714285713
0.8606949495555556
0.8658811633333333
0.8576744573002755
0.8633495633165831
0.8021499285714285
0.8237096666666667
0.7984646666666667
0.863969125
0.8616441590940768
0.859606511904762
0.857348046413502
0.8513455338983051
0.8570027857142858
0.8474331188118812
0.8495140397727273
0.856056645038168
0.8572546825938566
0.8443652441860464
0.8505695113268608
0.8523100212765957
0.8565068516129032
0.8581744644351464
0.8399707567567566
0.8434269420289857
0.847184695276382
0.855813406926407
0.8635068416289593
0.8499861909722222
0.8547972242152466
0.8575570603015077
0.849827628252788
0.8594083294663573
0.8597318245614034
0.8683103790613719
0.8488883369565217
0.857260793774319
0.8594915172413793
0.8497183333333332
0.6608693333333333
0.8563278280254778
0.8605014915531337
0.8219234615384614
0.8513286712697948
0.8617988720930233
0.8438550033557047
0.8524934642857144
0.8713625
0.8271696000000001
0.8013738471698113
0.8455356923076923
0.829871138977528
0.8575904306569343
0.8503302767857144
0.8524233007518797
0.857718632508834
0.8514192487804879
0.8437724476377954
0.8229092586206896
0.8557205399239544
0.847775997810219
0.8567702038369304
0.8376226904109589
0.8472072345679011
0.8485831294964029
0.8471857127923322
0.8627010549132947
0.8588888468271335
0.8544856604938272
0.8512816745098039
0.8432202079207919
0.8660489846938777
0.8506796538461538
0.8473020789473684
0.8664852428571429
0.8662080755395684
0.8600250408653847
0.865548201984127
0.8651484545454544
0.8597855000000001
0.8435161911764706
0.8541319508720931
0.8578140856423173
0.8439156400000001
0.7944027272727272
0.8631423257575757
0.8581143135560639
0.8667965052083334
0.8686216346153847
0.860817113671875
0.8565212013201321
0.8581305655826558
0.8445012166666667
0.8523056833333335
0.86389316
0.8533828067331669
0.861041816254417
0.8562847761194031
0.8438839334016394
0.8512571280193237
0.8482206407241379
0.845272675
0.8653424652777777
0.8430942542372881
0.8542499637883008
0.8676613586206896
0.847278132780083
0.855102814814815
0.8438697117117117
0.8414066134453781
0.8350684999999999
0.8526706538461537
0.8448773717948718
0.7900571739130434
0.8695890402834008
0.8655116593406593
0.8632573832116788
0.881314
0.8044195000000001
0.8515907826086958
0.8526593255319149
0.8602348555956679
0.8550326696048632
0.853641746223565
0.8513709189189189
0.7914576969696969
0.8320440879120878
0.8316687407407408
0.8594084504132231
0.8578909423076923
0.8546838548895899
0.8672011954674221
0.8532725248387096
0.8566169901408451
0.8625621416666667
0.85567158617737
0.8681258754325261
0.8601628676721311
0.8403272866135458
0.86026783174946
0.8386946801706349
0.853302107526882
0.8450451216216217
0.8303158898678414
0.857761609514563
0.8586532899408283
0.8497347184873948
0.8524730138888889
0.8529160085470087
0.8374334904458599
0.8453305600000001
0.8418480740740741
0.8350000333333333
0.8271199574468086
0.8803684623655914
0.8617648673469388
0.8678070303030303
0.8275896428571429
0.8575788757062148
0.8584228619631901
0.8563628096676738
0.8617244941520467
0.8560553908045976
0.8628984704545454
0.8490058205882353
0.8467772131147542
0.8386924659793814
0.8208001978260869
0.858444504887218
0.851484850877193
0.8574000542435424
0.8566377372262775
nan
0.871168815920398
0.8546741365461847
0.8501759502840909
0.8451125230046947
0.8533793817518249
0.8580361457286432
0.8282933750000001
0.8344273695652175
0.8451785741935484
0.8440513300904978
0.8480074976344085
0.8497075482384825
0.8491248154480286
0.8456010408921935
0.8365521268576923
0.8453945953488373
0.8524008411214954
0.8664202777777777
0.807258680851064
0.8246641818181818
0.844150392857143
0.8636771807228915
0.8557383836477989
0.8599639594594595
0.8469285
0.8584424982456141
0.8632560438596492
0.8562133506493506
0.8598514233333333
0.8575337649769584
0.8525085498007968
0.8571975141509433
0.8454532888888888
0.8418353506493506
0.8501429457364341
0.8532253725490196
0.7869064166666666
0.8595703333333333
0.835704536585366
0.83869775
0.8439108727272727
0.7591334
0.8546904810126581
0.8621092196078431
0.8527630255813954
0.8517696343283583
0.8429078421052631
0.8303870493827161
0.8561913029197079
0.8562397243735762
0.8583688389830508
0.8648273567708333
0.8534384984984985
0.8624415217391305
0.836052185204918
0.8497180749668873
0.8334321424242425
0.8627500855670104
0.817286375
0.8468092272727271
0.8456335270270271
nan
0.85689446
0.8611837089552239
0.7977073333333333
0.8654664904632153
0.8563400860927155
nan
0.8605665725190841
0.8673258766519824
0.8564065029069767
0.8667197751677852
0.8263305762711863
0.8310999285714286
0.8385978774647888
0.8151129333333333
0.8084788717948719
0.8550487131782947
0.8305065046728972
0.8314529082568807
0.8450052896551724
0.8540134844214877
0.8581397795031056
0.8522337249999999
0.8552595593869732
0.8575608074534162
0.85263926199262
0.8334137070050761
0.8477326169665811
0.8563405093167702
0.8449036184049079
0.8432060109717867
0.8668887480349344
0.8627774532967033
0.8527083662629757
0.8586959816849817
0.8595105257731958
0.846480608695652
0.8394148055555555
0.8130664897959183
0.8712726000000001
nan
0.8691205792079209
0.8613950116959064
0.8623180510948906
0.8602167804878049
0.8566714032258065
nan
nan
nan
0.8428206076923076
0.8522313131313131
0.8343866046511628
0.846966168918919
0.8306578
0.7959031296296296
0.8123159807692308
0.8462797999999998
0.8467067199999999
0.8507165764705883
0.8469563651685392
0.8535166489451476
0.8620442276119403
0.861533635135135
0.8458424011976047
0.8495161412621359
0.861905599067599
0.8545229257812501
0.838981121381733
0.8508955831485588
0.8348536734693879
0.8413119514563108
0.846226123076923
0.85241702826875
0.8564169668775511
0.8008104848484849
0.8560650448979591
0.8474881299999999
0.8424191573033708
0.862979608695652
0.8643970363636364
0.8663320658436214
0.8642420526315788
0.8540479947780678
0.860897755033557
0.8667438045977012
0.8674242718894009
nan
nan
nan
0.8652642500000002
0.8572670373831776
0.8497335220125786
0.8072057859649124
0.8335632128813559
0.7722889629629629
0.8288314390243902
0.8145017549019608
0.8279202772277227
0.8236747843137253
0.8425649014084508
0.8261217577981653
0.8478841767088607
0.8450789236956521
0.928275
0.8487924812030074
0.8452262132701422
0.8471726995271868
0.853937333836858
0.8510382408529412
0.8405874514563108
0.834488205882353
0.8480842216748767
0.835901485263158
0.836251347593583
0.8253784166666667
0.8518736896551724
0.8475955304347825
0.7627937692307692
0.8513539107142856
0.8571882944785275
0.8476761395348837
0.8608988418803419
0.8522743270270271
0.8579546487455197
0.8655467393364928
0.8655212304347826
0.866785620689655
nan
nan
0.86649565625
0.8396968775510203
0.8699895789473684
0.8372891467889907
0.836965237804878
0.8407738561151078
0.8422018382352942
0.8290298125
0.8409049294117649
0.81632371875
0.8407132678787879
0.8616517862068964
0.8618818971193415
0.8528115489281769
0.65116
0.829312
0.7628452857142857
0.8644566112956811
0.8488416719424461
0.8600840557939914
0.8539818149779737
0.79740152
0.8496959749999998
0.8480808084158415
0.8625418532608695
0.8580525020242914
0.8450723333333332
0.8573423544303798
0.8491983548387096
0.8526584805194807
0.8102001025641026
0.8668721685393258
0.8506066687898088
nan
0.8619297942982456
0.8698827598253275
0.8607134657894737
0.8635883656387665
nan
nan
0.8523650769230771
0.8649742012779554
0.8480253035874439
0.8458901129032259
0.8464452763157895
0.8266874835164837
0.8481855597014926
0.8522480540540542
0.8505988316831683
0.8446790752688172
nan
0.8530855985815603
0.8531621238532111
0.8577731487603305
0.8412611111111112
0.8691165
0.8576915458715597
0.8573230981308412
0.8507810895522389
0.8562628625429554
0.8477072944186047
0.8472610122324159
0.8407210911016949
0.8510306194225722
0.8565777519801979
0.8474524894909091
0.8568638611111111
0.8260840156250001
0.8437228358208955
0.8426632280701754
0.8549439083333332
nan
nan
nan
0.8603215804878049
0.862194443373494
0.8453386876237623
0.8633498926829268
nan
nan
nan
0.8748629848484848
0.8690006026200873
0.8633623112840467
0.8582360264900661
nan
nan
nan
nan
0.8367341698113209
0.8665059190476189
0.8555281145877378
0.8504932217391304
0.7975931444444444
0.8547243004694837
0.8018484000000002
0.942998
0.8302672499999999
0.8625466296296296
0.8460557405660376
0.8474240846774193
0.8499754943396227
0.8513409037151703
0.8521656621359223
0.8408507333333334
0.847796638888889
0.8354281282051281
0.7756633333333334
0.8281352500000001
0.8498265376344086
0.8529699662921348
nan
0.8695795669642857
0.8560328120805369
0.8626917857142856
0.8690582180451129
nan
nan
nan
nan
nan
nan
0.8672942444444445
0.8703925933333335
0.8651359808612441
0.8757652016129033
0.8654952823529414
nan
nan
0.8689138015873017
0.8583603719141324
0.8608756505681818
0.84428389010989
0.8358931907216495
0.8525562561576354
0.8592657857142857
0.8168281428571429
0.8403432857142857
0.8468849751552795
0.8453751617647057
0.845778052631579
0.853723464
0.8495275840435835
0.8590491410569107
0.8593845635359116
0.8509342881081081
0.8489537972972971
0.8600915584415585
0.8477352452830189
0.8311311860759494
0.8690978620689656
nan
0.878872836734694
0.8744236028880865
0.8684397579617835
0.8647704190476191
0.869444578313253
nan
nan
nan
nan
nan
0.8740335761316872
0.8647395668016193
0.861604123076923
0.8751670764119602
nan
nan
0.8624131483516485
0.8675382
0.8662852346041057
0.861983654
0.8547961395348836
0.8656579403930132
0.8622107304075236
0.8245260806451613
0.8292453714285714
0.7876151
0.8266131666666667
0.8201489642857143
0.853711474137931
0.853523753356009
0.845603019736842
0.8588693195291479
0.8422773992248062
0.8460169334666668
0.8447347308641976
0.8614537410071943
0.8694515873015873
0.8568032121212122
0.8672982342342342
nan
0.8792854406779662
0.8814453912087913
0.8703815471698114
nan
nan
nan
0.8773175350318472
0.8832996489795918
0.875300316017316
nan
nan
0.8683429540229886
0.8732141502347418
0.8672679181034483
nan
nan
0.8706292365591397
0.8620757771739131
0.8686936212121213
0.859102586526946
0.8610960949074075
0.8712805308641975
0.8613860935714286
0.874674402173913
0.8561675819148935
0.8245379090909091
0.82339825
0.8616880937823834
0.8641835333333333
0.8652144247104246
0.8581191379310346
0.8640130183727034
0.861165165394402
0.8576297222222222
0.8017813773584904
0.8696417540983606
0.8547627944444445
nan
0.8539032105263159
