0.0
0.0
0.0
0.08
0.596
0.24
0.516
0.804
0.42
0.416
0.428
0.144
0.228
0.056
0.0
0.004
0.0
0.012
0.036
0.196
0.032
0.076
1.152
1.196
0.58
1.868
1.62
1.164
1.648
1.744
1.364
2.44
1.42
1.824
1.72
1.048
0.82
0.42
0.0
0.0
0.0
0.0
0.024
0.324
0.68
0.212
0.584
0.424
0.712
0.468
0.2
0.408
0.0
0.008
0.008
0.0
0.0
0.008
0.032
0.004
0.0
0.0
0.016
0.888
1.536
1.024
0.996
1.2
0.74
1.348
0.96
2.244
0.676
0.808
0.556
1.112
1.26
1.124
0.556
0.888
0.024
0.0
0.004
0.08
0.404
0.204
0.456
0.56
0.608
0.828
0.328
0.388
0.132
0.424
0.476
0.396
0.016
1.52
1.212
0.016
0.0
0.004
0.012
0.128
1.192
1.264
1.156
0.68
1.828
1.904
0.908
1.5
0.376
0.352
0.228
0.936
0.688
1.384
0.0
0.604
0.0
0.0
0.02
0.016
0.052
0.016
0.024
0.264
0.644
0.38
0.544
0.36
0.384
0.404
0.592
0.44
0.048
0.712
0.828
1.56
2.088
0.016
0.056
0.004
0.604
0.94
1.128
1.232
0.824
1.744
1.188
1.844
0.42
0.396
1.228
1.532
1.604
0.54
0.0
0.696
0.032
0.064
0.092
0.04
0.888
1.864
0.456
0.668
0.34
0.62
0.468
0.816
0.604
0.772
0.792
0.864
0.192
0.024
1.308
1.684
1.228
0.496
0.868
1.76
1.084
0.596
1.116
1.324
1.084
0.972
0.492
0.556
0.64
0.776
0.9
1.304
1.136
0.0
0.0
0.992
0.04
0.004
0.04
1.068
1.8
0.368
1.172
1.344
0.452
0.372
0.38
0.564
0.484
0.132
0.144
0.036
0.012
0.756
1.504
1.748
1.42
1.484
0.628
1.404
1.364
0.66
1.26
1.256
1.048
0.584
0.404
0.6
0.364
1.32
0.764
0.528
0.0
0.0
0.688
1.464
0.024
0.1
0.452
1.2
0.488
1.08
1.736
2.008
0.644
0.388
0.14
0.408
0.416
0.544
0.296
0.268
1.52
1.292
1.208
2.064
2.0
2.032
1.252
1.832
1.14
1.684
1.848
1.98
2.104
0.176
0.36
0.492
0.492
0.552
0.024
0.0
0.0
0.0
0.888
1.288
0.024
0.816
1.156
0.072
2.056
2.064
1.136
1.148
0.696
0.56
0.448
1.012
0.5
0.508
0.304
1.084
1.244
1.2
1.284
1.56
1.588
0.748
0.964
1.136
0.556
1.296
1.008
1.76
2.636
0.748
0.228
0.056
0.028
0.0
0.008
0.0
0.0
0.812
0.728
0.576
0.008
0.752
1.3
0.884
1.708
1.324
0.26
0.056
0.26
0.408
0.256
0.728
0.356
0.468
1.804
1.096
0.996
1.708
1.628
1.864
1.116
1.336
0.992
0.632
0.0
1.004
0.912
0.964
1.028
0.404
0.004
0.004
0.0
0.0
0.0
0.0
0.748
1.34
1.124
0.668
0.428
1.356
1.588
1.284
1.62
0.74
0.104
0.036
0.008
0.024
0.328
0.56
0.628
0.576
0.72
0.08
0.036
1.132
1.796
1.316
1.232
1.032
1.056
0.388
0.508
0.852
0.68
0.36
0.428
0.02
0.012
0.0
0.0
0.0
0.0
0.0
0.352
1.16
0.844
2.284
0.068
0.884
0.516
0.1
0.248
0.016
0.004
0.008
0.024
0.236
0.508
0.492
0.82
0.5
0.408
0.156
0.7
2.308
1.636
1.496
1.136
1.164
1.144
0.776
1.224
1.804
0.776
1.76
0.54
0.224
0.38
0.004
0.0
0.0
0.0
0.524
0.568
0.656
0.828
1.576
0.536
0.304
0.008
0.02
0.036
0.004
0.032
0.636
0.668
0.744
0.56
0.444
0.564
0.468
0.056
1.496
1.324
2.148
1.784
1.544
1.652
2.068
1.232
0.292
1.444
1.5
1.512
1.236
0.884
1.004
0.556
0.0
0.0
0.0
0.0
0.484
1.184
1.48
1.028
1.116
0.32
0.056
0.008
0.032
0.0
0.016
0.116
0.632
0.496
0.108
0.676
0.688
0.236
0.344
0.012
0.38
1.448
1.656
1.296
1.408
1.88
1.284
1.52
1.248
1.192
1.264
2.152
1.46
0.868
1.136
0.916
0.0
0.0
0.0
0.468
1.228
1.084
1.06
1.188
0.036
0.56
0.988
0.552
0.016
0.0
0.004
0.332
0.224
0.096
0.352
0.16
0.852
0.248
0.004
0.0
0.432
1.7
1.252
1.208
1.684
1.412
1.52
1.768
0.932
1.132
0.012
1.58
2.38
0.992
1.032
0.72
0.832
0.0
0.0
0.0
0.804
0.892
1.208
1.0
0.016
0.38
0.968
0.556
0.076
0.088
0.988
0.052
0.152
0.072
0.548
0.256
0.472
0.132
0.008
0.0
0.488
0.76
0.264
0.328
0.824
0.916
1.296
1.844
1.196
0.032
0.012
1.36
1.612
0.884
1.296
1.26
0.86
0.0
0.0
0.564
0.968
1.496
0.728
0.0
0.08
0.616
0.396
1.316
0.736
0.08
0.06
0.0
0.072
0.108
0.316
0.376
0.096
0.804
0.492
0.004
0.004
0.132
0.28
0.42
0.424
0.384
0.208
0.724
0.0
0.004
0.0
0.048
0.304
1.484
1.16
0.768
0.0
0.0
0.0
0.376
1.012
0.888
0.592
0.0
0.008
0.044
0.404
0.68
0.588
0.788
0.012
0.004
0.048
0.108
0.036
0.024
0.076
1.4
0.492
0.16
0.544
0.868
0.428
0.348
0.624
0.412
0.108
0.504
0.268
0.02
0.004
0.1
1.996
1.564
1.54
0.04
0.0
0.0
0.0
0.696
0.58
1.004
0.0
0.0
0.0
0.032
0.116
0.884
1.136
0.0
0.008
0.0
0.036
0.0
0.0
0.088
1.0
1.892
0.244
0.608
0.468
1.844
1.032
0.564
0.032
0.68
1.16
0.436
0.5
0.38
1.66
0.788
1.944
0.956
0.26
0.084
0.0
0.0
0.0
0.0
0.596
0.032
0.0
0.0
0.004
0.276
1.224
0.928
0.032
0.0
0.0
0.012
0.004
0.0
0.016
0.908
1.288
1.908
0.6
0.384
0.316
1.324
1.364
1.44
1.508
2.104
2.008
1.168
1.628
1.932
1.252
0.176
0.22
0.172
0.048
0.0
0.0
0.0
0.0
0.0
0.0
0.0
0.028
0.776
0.0
2.036
2.08
0.216
0.012
0.004
0.004
0.004
0.0
0.02
2.132
0.664
0.976
1.7
0.46
0.504
0.204
1.604
1.86
1.216
1.708
1.776
0.824
1.652
1.612
1.136
0.156
0.016
0.004
0.0
0.0
0.0
0.0
0.0
0.0
0.0
0.0
0.0
0.0
0.796
0.0
0.868
0.536
0.44
0.268
0.112
0.008
0.0
0.0
0.008
0.872
1.008
0.784
0.908
0.968
0.292
0.856
1.32
1.392
2.028
1.42
1.24
1.076
1.204
1.204
0.032
0.004
0.0
0.0
0.0
0.0
0.0
0.0
0.0
0.0
0.0
0.004
0.004
0.0
0.504
0.0
0.864
0.352
0.116
0.044
0.14
0.004
0.0
0.036
0.98
0.824
1.34
1.136
0.944
1.3
0.708
0.432
0.784
0.772
0.992
2.36
1.824
1.372
0.0
0.0
0.0
0.0
0.008
0.06
0.068
0.004
0.024
0.008
0.0
0.0
0.0
0.0
0.0
0.72
1.48
0.376
0.004
0.044
0.012
0.004
0.012
0.0
0.008
1.076
1.216
0.956
0.5
0.712
1.508
1.368
0.712
0.492
0.028
0.228
0.508
1.06
1.392
0.02
0.0
0.0
0.004
0.26
0.384
0.416
0.352
0.028
0.0
0.0
0.0
0.008
0.024
0.008
0.056
0.0
0.012
0.828
0.004
0.0
0.0
0.016
0.008
0.0
0.412
0.752
1.172
1.388
0.796
0.916
0.952
0.928
0.24
0.008
0.012
0.056
0.328
1.48
0.656
0.0
0.0
0.336
0.552
0.256
0.42
0.38
0.212
0.036
0.0
0.0
0.004
0.0
0.1
0.256
0.024
0.0
0.0
0.0
0.0
0.0
0.0
0.012
0.0
0.036
0.008
1.504
1.156
0.988
0.672
0.612
1.324
0.896
0.028
0.02
0.0
0.0
0.096
1.184
0.0
0.0
0.212
0.516
0.368
0.396
0.716
0.364
0.0
0.004
0.004
0.0
0.0
0.008
0.2
0.488
0.14
0.008
0.004
0.772
0.0
0.0
0.0
0.0
0.0
0.056
0.452
1.212
0.96
1.62
0.812
1.212
1.34
1.04
0.44
0.016
0.0
0.056
0.668
0.964
0.18
0.14
0.256
0.252
0.452
0.208
0.16
0.004
0.0
0.004
0.0
0.008
0.0
0.02
0.38
0.54
0.512
0.372
0.112
0.968
0.012
0.0
0.0
0.0
0.004
0.352
0.976
1.152
0.724
0.748
0.74
0.884
1.312
0.844
0.02
0.016
0.008
0.084
1.168
1.628
0.756
0.76
0.236
0.3
0.312
0.26
0.044
0.0
0.0
0.0
0.0
0.0
0.0
0.24
0.444
0.516
1.264
0.36
1.436
1.932
0.0
0.0
0.0
0.0
0.012
0.476
1.26
0.916
1.076
0.68
0.476
0.892
1.456
0.72
0.02
0.02
0.004
0.104
0.552
0.324
0.748
1.192
0.232
0.116
0.06
0.0
0.0
0.0
0.0
0.0
0.0
0.292
0.928
1.568
0.564
0.28
1.228
1.624
1.292
1.784
0.012
0.0
0.0
0.0
0.0
0.5
1.596
1.156
0.0
0.0
0.72
1.556
1.076
0.528
0.012
0.016
0.436
1.192
1.088
1.404
1.22
0.532
0.0
0.0
0.016
0.0
0.0
0.004
0.02
0.004
0.004
0.008
0.868
1.068
0.836
0.756
1.536
1.32
1.54
1.876
0.004
0.0
0.0
0.0
0.004
1.524
0.936
0.96
0.896
0.732
0.664
1.02
1.584
0.504
0.372
0.54
0.676
0.956
0.0
0.344
0.668
0.848
0.0
0.0
0.008
0.0
0.0
0.012
0.008
0.0
0.008
0.0
0.0
1.176
0.472
0.668
1.008
0.952
0.124
1.092
0.0
0.0
0.0
0.0
0.004
0.84
1.048
1.728
0.928
1.34
1.868
1.224
0.84
1.588
0.94
0.468
0.544
1.164
0.056
0.0
0.0
0.512
0.396
0.032
0.0
0.012
0.004
0.0
0.004
0.004
0.004
0.008
0.0
0.0
0.004
0.036
0.564
0.58
1.176
1.124
0.0
0.0
0.0
0.0
0.0
0.648
1.604
1.528
0.936
1.364
1.468
1.212
1.264
0.54
0.0
0.004
0.0
0.024
0.044
0.0
0.0
0.012
0.0
0.024
0.0
0.0
0.0
0.0
0.0
0.0
0.0
0.0
0.06
0.048
0.044
0.78
0.82
0.832
0.672
1.244
0.004
0.0
0.0
0.0
0.012
0.344
2.2
1.564
1.528
1.784
0.984
0.468
1.104
0.0
0.012
0.0
0.0
0.008
0.0
0.0
0.0
0.0
0.004
0.0
0.004
0.0
0.02
0.008
0.172
0.0
0.0
0.0
0.02
1.24
1.26
1.948
1.392
1.46
1.084
0.484
0.0
0.0
0.0
0.0
0.0
0.808
1.676
1.576
1.452
0.868
0.964
1.516
0.0
0.008
0.0
0.028
0.004
0.0
0.0
0.0
0.008
0.0
0.0
0.0
0.004
0.0
0.088
0.092
0.316
0.028
0.0
0.656
0.86
1.704
1.376
1.312
0.432
0.372
0.348
0.152
0.016
0.004
0.0
0.0
0.0
0.58
1.388
1.32
1.588
0.176
1.336
1.128
0.3
0.028
0.0
0.012
0.0
0.0
0.0
0.0
0.0
0.06
0.012
0.04
0.024
0.18
0.148
0.416
0.288
0.06
0.5
0.636
0.716
0.804
1.28
0.756
1.188
0.388
0.424
0.512
0.016
0.0
0.0
0.0
0.0
0.84
0.508
0.52
0.26
0.564
1.348
1.356
0.936
0.0
0.004
0.0
0.0
0.012
0.016
0.008
1.148
0.028
0.04
0.172
0.36
0.316
0.256
0.56
0.052
0.032
0.012
0.012
0.008
0.056
0.912
0.864
1.576
1.404
0.644
0.48
0.284
0.012
0.004
0.0
0.0
0.0
0.44
0.412
0.868
1.528
0.844
0.668
0.732
0.524
0.632
0.0
0.0
0.0
0.184
0.064
0.004
0.476
0.576
0.856
0.368
0.236
0.24
0.596
0.536
0.152
0.02
0.004
0.004
0.052
0.844
1.428
1.08
1.068
0.356
0.556
0.656
0.044
0.004
0.0
0.0
0.212
0.504
0.344
1.252
1.44
1.076
1.092
1.168
1.06
0.64
0.0
0.04
0.748
1.184
0.06
0.032
0.232
1.232
0.076
0.392
0.372
0.624
0.256
0.164
0.104
0.012
0.576
0.86
0.844
1.204
1.832
0.672
0.768
0.58
1.22
0.948
0.512
0.008
0.008
0.0
0.384
0.188
0.216
0.536
0.004
0.004
0.036
0.092
0.032
1.228
0.016
1.004
0.968
1.444
0.168
0.068
0.304
0.652
0.432
0.316
0.392
0.448
0.34
0.272
0.044
0.028
0.0
1.2
1.368
0.972
0.56
0.332
0.484
1.568
1.42
0.872
1.78
0.152
0.044
0.024
0.22
0.384
0.408
0.212
0.012
0.06
0.688
1.368
0.752
1.028
0.936
1.692
0.96
0.684
0.108
0.012
0.016
0.864
1.128
0.392
0.452
0.2
0.516
0.48
0.108
0.64
0.856
1.264
1.044
0.304
0.392
0.488
1.404
1.868
1.568
1.104
1.16
0.84
0.532
0.024
0.012
0.484
0.464
0.124
0.076
0.944
1.14
0.7
0.872
1.468
0.74
0.784
0.56
0.168
0.06
0.004
0.616
0.884
0.704
0.16
0.824
0.352
0.28
1.292
0.76
0.764
1.508
0.904
0.564
0.492
0.38
1.076
1.14
1.376
1.8
1.1
1.02
0.76
1.472
0.804
0.016
0.536
0.512
0.132
0.252
0.436
0.92
1.128
0.024
0.892
0.792
0.676
0.0
0.004
0.028
0.0
0.452
1.228
0.584
0.004
0.756
0.348
0.668
1.632
1.792
0.928
1.436
0.124
0.272
0.408
0.92
1.476
1.104
0.564
1.308
1.036
1.24
1.136
1.264
1.116
0.004
0.008
0.504
0.38
0.5
0.488
0.144
1.312
0.9
0.016
0.0
0.0
0.068
0.732
0.812
0.004
0.5
1.38
0.592
0.904
1.608
0.492
0.244
1.092
1.312
0.672
0.076
0.024
0.092
0.672
1.284
0.784
0.832
0.468
0.26
0.872
0.724
1.012
1.376
0.048
0.008
0.8
1.248
2.236
0.98
0.264
0.044
0.008
1.536
0.728
0.472
0.0
0.988
0.688
0.596
0.724
0.576
1.124
1.424
1.288
1.328
0.428
1.076
1.336
1.2
0.44
0.108
0.112
0.852
1.26
0.632
1.604
1.472
0.888
0.84
1.436
1.532
0.744
0.008
0.06
0.004
0.06
1.932
1.1
1.26
0.916
0.056
0.008
0.54
1.064
1.164
1.136
0.992
0.5
0.0
0.588
0.988
0.888
1.072
1.38
0.72
1.152
1.256
1.36
0.832
0.332
0.096
0.408
1.5
1.28
1.716
2.004
1.808
0.6
0.832
1.044
1.512
0.02
0.48
0.728
0.004
0.056
1.98
1.2
1.452
2.388
0.056
0.012
0.012
0.416
1.148
1.008
0.948
1.18
0.672
0.808
0.704
1.048
1.172
0.688
1.236
0.752
1.612
1.912
0.296
0.276
0.796
1.848
1.768
1.152
0.892
0.796
1.076
1.724
0.456
1.108
0.368
1.028
0.696
0.012
0.012
0.628
1.468
0.104
1.364
0.688
1.192
0.112
0.008
0.08
0.212
0.156
0.356
1.096
1.344
0.532
1.132
0.82
1.016
0.232
1.052
1.644
1.668
0.584
0.648
1.112
1.252
1.384
1.828
1.296
1.02
0.404
0.784
0.208
0.152
0.56
1.112
1.664
1.008
0.044
0.032
0.544
1.376
1.588
0.2
0.176
0.528
1.748
0.768
0.832
1.024
1.212
1.476
0.48
0.96
1.1
1.604
1.132
0.804
0.976
1.656
1.044
0.96
0.576
0.472
1.436
1.74
0.964
0.756
0.444
0.476
0.384
0.624
0.312
0.092
1.976
1.092
1.096
0.004
0.008
0.092
0.752
1.108
1.316
1.324
0.444
0.132
0.364
0.108
0.968
1.248
1.268
1.412
1.24
1.136
0.96
1.308
1.156
1.22
1.004
1.852
1.008
0.372
0.296
0.908
2.06
1.352
0.952
1.152
0.468
0.628
0.3
0.324
0.12
0.188
1.488
0.784
1.056
0.056
0.708
1.304
1.324
1.368
1.392
1.76
1.36
0.244
0.388
0.184
1.064
0.912
1.084
0.548
0.0
0.804
0.996
0.704
0.852
1.644
1.592
0.256
0.368
0.62
1.768
1.86
1.476
1.116
1.076
1.04
1.204
0.428
0.288
0.188
0.132
0.112
0.664
0.636
0.592
0.032
0.912
0.912
0.616
1.2
1.736
1.004
0.848
0.576
0.308
0.516
0.204
0.048
0.06
0.164
0.048
0.22
0.02
0.632
1.02
1.032
0.536
0.076
0.324
1.096
1.756
1.416
1.536
1.332
2.3
0.976
0.604
0.264
0.388
0.128
0.088
0.296
0.0
0.78
0.804
0.036
1.468
0.604
0.0
0.524
0.908
1.376
1.192
0.236
0.336
0.568
0.12
0.156
0.516
0.428
0.436
0.58
0.968
1.288
0.8
1.044
1.288
1.084
0.788
1.556
1.932
1.304
1.276
2.748
1.456
1.156
1.092
0.388
0.092
0.144
0.196
0.22
0.0
0.808
0.684
0.548
0.984
0.744
0.0
0.0
0.0
0.52
0.396
0.516
0.592
0.3
0.108
0.208
0.18
0.4
0.34
0.712
0.948
1.072
1.184
0.668
0.824
1.716
2.048
1.708
1.804
0.784
0.412
1.3
1.28
1.176
0.132
0.98
0.4
0.356
0.184
0.22
0.972
1.292
1.532
1.192
1.044
0.868
0.0
0.0
0.0
0.48
0.428
0.636
0.228
0.236
0.108
0.328
0.204
0.404
0.408
0.568
0.436
1.58
0.92
0.004
0.532
0.844
1.692
1.324
1.088
0.824
0.136
0.812
0.76
0.748
0.048
0.348
0.46
0.104
0.672
0.652
0.688
0.936
1.036
1.116
0.844
0.92
0.58
0.0
0.0
0.384
0.196
0.456
0.436
0.656
0.556
0.272
0.128
0.68
0.256
0.66
0.58
0.972
1.448
0.012
0.004
0.028
1.204
1.112
0.932
0.908
0.1
0.64
0.808
0.736
0.988
0.264
0.316
0.496
0.308
0.156
0.712
0.628
0.0
0.912
0.916
1.52
0.908
0.0
0.0
0.26
1.252
0.892
0.248
0.304
0.364
0.536
0.444
0.404
0.372
0.0
1.692
0.872
0.484
0.072
0.008
0.872
0.856
0.804
1.164
0.86
1.308
0.944
1.524
0.808
1.1
0.288
0.512
0.268
0.228
0.48
0.0
0.0
0.0
0.82
1.66
0.808
0.82
0.0
0.0
0.0
0.792
0.916
1.028
0.604
0.0
0.0
0.0
0.0
0.212
1.68
1.892
1.472
0.072
0.852
0.06
0.004
0.016
0.648
0.848
0.992
1.06
1.292
1.648
0.84
0.432
0.156
0.036
0.112
0.372
0.356
0.0
0.896
0.596
0.896
1.064
0.0
0.0
0.0
0.0
0.0
0.0
0.9
1.2
0.836
0.992
1.36
0.0
0.0
0.504
2.236
1.408
1.092
0.776
0.812
0.616
0.14
0.028
0.644
0.272
0.228
0.5
1.652
1.968
1.448
1.48
0.296
0.308
0.424
0.316
0.348
0.0
1.372
1.108
1.256
0.84
0.332
0.0
0.0
0.0
0.0
0.0
0.972
0.988
0.78
1.204
0.0
0.0
0.728
0.98
1.364
1.8
1.376
1.832
1.276
0.248
0.14
0.08
0.144
0.112
0.928
1.764
1.216
1.784
1.032
1.32
0.324
1.112
0.504
0.528
0.444
0.0
0.472
1.82
0.636
0.0
0.0
0.0
0.628
0.98
0.924
0.0
0.0
0.696
0.852
0.928
0.0
0.0
1.116
0.736
1.056
1.336
1.728
1.944
1.12
0.736
0.376
0.088
0.032
0.772
1.44
2.072
1.74
1.524
1.572
0.576
0.212
0.976
0.72
0.0
0.152
