0.0
0.0
0.008
0.176
1.268
1.18
1.36
1.432
1.04
1.448
1.1
0.948
0.492
0.04
0.0
0.0
0.0
0.124
0.052
0.528
0.668
0.252
1.908
2.74
2.592
4.048
3.156
3.984
2.864
4.228
3.252
5.296
3.18
3.256
3.66
2.044
1.912
1.632
0.0
0.0
0.0
0.0
0.036
0.468
0.896
0.628
1.552
1.856
1.64
0.832
1.08
0.972
0.004
0.024
0.008
0.024
0.016
0.024
0.012
0.004
0.012
0.004
0.036
2.672
4.892
3.672
2.704
3.82
1.816
3.476
2.396
4.252
1.224
0.96
2.568
3.616
2.944
2.776
2.032
1.824
0.1
0.004
0.0
0.42
0.96
0.62
1.256
1.34
1.768
1.424
1.764
1.352
0.476
1.104
1.716
0.684
0.032
1.372
2.596
0.012
0.0
0.008
0.012
0.424
2.052
3.372
2.692
1.792
3.524
4.88
3.152
3.432
1.656
1.648
0.488
3.756
1.668
3.684
0.0
1.776
0.008
0.004
0.04
0.02
0.124
0.14
0.028
0.692
1.224
1.004
1.296
1.344
1.188
1.068
1.608
0.82
0.152
2.588
2.264
3.536
3.132
0.048
0.168
0.088
1.648
2.78
2.76
3.964
3.16
4.964
3.524
3.932
1.348
1.16
2.768
3.756
2.708
1.552
0.0
2.376
0.164
0.052
0.132
0.168
3.0
3.08
1.52
1.208
1.192
1.624
1.664
1.42
1.464
1.512
1.84
1.264
0.544
0.048
4.072
4.292
2.776
1.22
1.86
3.108
1.832
1.592
3.332
2.88
2.704
2.772
1.88
1.236
1.532
2.112
3.052
2.308
1.988
0.008
0.0
3.02
0.052
0.068
0.14
2.62
3.304
1.86
3.824
3.228
1.1
0.864
1.18
0.936
1.232
0.436
0.252
0.124
0.032
1.244
4.98
3.908
3.364
3.212
2.132
4.676
2.404
1.728
2.816
3.8
3.168
1.892
2.512
1.268
1.852
2.352
2.92
1.704
0.0
0.0
2.744
2.612
0.032
0.124
1.768
3.196
1.564
2.356
5.576
4.132
1.456
1.104
0.928
1.308
1.428
1.568
1.12
0.568
4.1
2.74
3.788
5.296
3.684
4.608
2.908
2.864
2.66
4.268
4.68
4.432
4.428
0.852
0.896
0.816
1.536
1.084
0.088
0.004
0.0
0.0
3.648
3.12
0.064
2.512
3.184
0.108
3.524
3.864
3.424
1.152
1.472
1.768
1.428
1.364
1.04
0.776
1.424
4.396
4.404
3.736
3.832
4.192
4.336
3.176
3.564
2.976
1.208
2.396
3.132
4.164
4.344
2.536
0.416
0.108
0.052
0.012
0.052
0.0
0.0
2.168
3.236
2.22
0.04
2.408
2.54
2.708
4.58
4.772
0.3
0.112
0.712
1.268
1.04
1.328
1.244
1.492
3.496
3.308
2.584
4.356
4.296
4.836
2.924
2.448
2.42
1.804
0.0
1.976
2.008
2.356
2.8
1.172
0.088
0.056
0.0
0.0
0.0
0.0
1.608
2.676
2.968
1.46
0.884
2.904
3.628
2.7
2.912
1.544
0.232
0.108
0.004
0.08
1.428
1.252
1.208
1.028
1.224
0.592
0.06
2.288
4.336
2.584
2.508
2.688
2.78
2.2
1.448
2.864
1.396
1.204
0.992
0.064
0.016
0.0
0.0
0.0
0.004
0.008
1.396
2.972
2.344
2.068
0.088
2.66
1.564
0.296
0.692
0.028
0.06
0.012
0.136
0.652
1.976
1.468
1.104
1.1
1.396
0.328
2.496
4.556
4.892
2.836
2.756
2.628
4.04
1.364
2.78
5.188
3.052
3.356
1.12
0.412
1.548
0.0
0.0
0.0
0.0
1.84
3.848
3.332
2.092
2.908
1.12
0.696
0.016
0.06
0.144
0.008
0.064
1.312
1.08
1.528
1.388
1.4
0.912
1.052
0.548
3.204
3.488
4.968
5.148
4.22
5.064
3.28
3.156
1.54
3.532
4.464
4.08
4.12
1.5
2.58
2.06
0.0
0.0
0.0
0.0
1.536
2.988
2.752
3.296
2.108
1.604
0.096
0.064
0.072
0.0
0.02
0.608
1.676
1.028
1.424
1.78
1.056
1.268
0.936
0.076
1.356
4.096
4.156
3.72
3.612
4.672
2.756
3.244
2.332
2.328
3.716
4.348
4.236
2.184
3.892
1.448
0.0
0.0
0.0
2.148
3.052
3.132
2.544
3.024
0.044
1.808
2.084
1.568
0.048
0.044
0.048
0.528
0.816
0.476
1.02
1.188
1.524
0.912
0.028
0.004
0.94
3.62
3.34
3.016
4.068
3.536
3.052
4.372
3.156
2.348
0.06
3.596
4.104
3.248
3.328
2.62
1.428
0.0
0.0
0.0
1.856
3.184
3.096
1.84
0.048
2.112
3.412
2.1
0.172
0.156
1.704
0.04
0.42
0.6
0.684
1.348
0.692
0.404
0.024
0.0
0.604
1.156
1.86
2.196
2.652
2.576
3.016
4.22
2.912
0.092
0.028
3.356
4.444
2.26
2.98
2.808
1.62
0.0
0.104
2.032
2.628
2.332
2.912
0.092
0.292
1.712
1.348
2.86
1.68
0.3
0.172
0.0
0.124
0.26
1.504
0.604
0.152
2.892
0.952
0.008
0.04
0.504
0.996
1.772
1.06
1.112
0.444
1.776
0.0
0.0
0.004
0.076
0.704
2.916
3.432
1.684
0.0
0.0
0.0
2.156
2.716
2.884
1.748
0.004
0.028
0.164
0.724
2.28
2.484
1.764
0.012
0.0
0.052
0.08
0.108
0.08
0.128
2.876
1.02
0.532
1.192
1.244
1.66
1.148
1.448
0.848
0.46
1.012
1.16
0.024
0.004
0.136
4.06
4.168
3.176
0.228
0.0
0.0
0.004
1.92
2.104
1.796
0.0
0.0
0.0
0.124
0.26
2.944
2.484
0.016
0.004
0.012
0.12
0.0
0.012
0.312
2.964
3.432
0.528
1.084
1.252
3.376
2.324
0.884
0.056
1.288
3.864
1.56
0.88
1.512
4.008
4.948
2.744
1.448
1.224
0.176
0.0
0.0
0.0
0.0
1.552
0.0
0.032
0.0
0.004
0.716
3.112
2.816
0.088
0.0
0.012
0.016
0.024
0.0
0.072
2.548
3.544
5.448
1.384
0.896
0.864
3.192
3.164
3.776
5.32
4.28
5.632
2.808
3.06
4.708
3.868
1.092
0.6
0.644
0.08
0.008
0.0
0.0
0.0
0.0
0.0
0.008
0.048
1.056
0.04
2.876
2.684
0.432
0.044
0.0
0.008
0.008
0.0
0.024
2.892
3.176
3.484
4.508
2.096
1.392
0.96
3.524
3.944
3.92
3.692
5.292
2.864
2.044
4.972
3.152
0.368
0.016
0.016
0.016
0.0
0.0
0.0
0.0
0.0
0.0
0.0
0.0
0.0
1.684
0.004
2.408
1.072
0.708
0.428
0.176
0.012
0.0
0.004
0.06
2.44
3.22
2.852
3.192
1.956
0.924
1.652
3.156
5.456
5.304
4.348
4.256
2.936
3.028
1.576
0.032
0.008
0.0
0.004
0.02
0.0
0.012
0.008
0.008
0.0
0.0
0.0
0.0
0.004
1.644
0.0
1.884
0.768
0.756
0.14
0.396
0.016
0.0
0.124
2.492
3.008
3.184
2.828
2.72
3.344
1.72
1.172
1.916
2.088
3.504
5.208
4.828
3.48
0.0
0.0
0.0
0.0
0.012
0.484
0.4
0.012
0.092
0.0
0.0
0.004
0.0
0.0
0.0
1.2
1.468
2.176
0.028
0.004
0.0
0.012
0.02
0.0
0.032
2.456
2.604
3.296
1.628
2.008
3.192
3.576
1.364
0.776
0.076
0.82
1.1
3.272
3.188
0.04
0.0
0.0
0.016
0.552
1.108
1.244
0.768
0.016
0.004
0.0
0.004
0.008
0.056
0.052
0.028
0.0
0.008
2.224
0.008
0.012
0.004
0.016
0.012
0.036
0.46
2.204
3.252
3.592
2.184
1.62
3.084
2.928
0.86
0.052
0.032
0.136
1.4
4.808
1.868
0.008
0.0
0.304
1.028
0.936
0.98
0.464
0.3
0.044
0.004
0.0
0.0
0.004
0.488
0.72
0.048
0.0
0.0
0.02
0.0
0.0
0.0
0.0
0.0
0.072
0.04
2.936
2.896
3.488
1.884
2.072
3.028
2.184
0.068
0.084
0.0
0.024
0.14
2.436
0.0
0.0
0.68
0.84
1.06
1.104
1.04
1.056
0.004
0.0
0.0
0.008
0.0
0.112
0.584
0.676
0.492
0.044
0.004
2.084
0.0
0.0
0.0
0.0
0.0
0.156
1.556
2.78
2.928
3.556
2.6
2.188
2.516
2.8
0.892
0.06
0.004
0.084
2.264
1.232
0.516
0.608
1.132
0.616
0.892
1.112
0.98
0.06
0.0
0.0
0.012
0.0
0.0
0.036
1.056
0.732
1.628
0.596
0.604
2.412
0.0
0.0
0.02
0.0
0.06
1.436
2.732
2.388
2.108
2.7
2.192
2.58
2.84
2.104
0.056
0.032
0.008
0.136
2.364
4.188
2.192
2.332
0.996
0.84
1.336
0.924
0.216
0.0
0.0
0.004
0.004
0.0
0.0
0.488
1.348
1.172
3.096
1.124
2.872
4.18
0.0
0.0
0.0
0.0
0.032
1.048
3.308
3.116
2.204
2.048
1.616
2.48
3.092
1.352
0.028
0.076
0.092
0.288
1.316
1.608
2.972
2.98
0.4
0.564
0.304
0.004
0.0
0.0
0.008
0.004
0.004
1.384
1.82
2.824
0.576
0.696
2.696
4.436
4.944
5.328
0.0
0.0
0.0
0.0
0.012
2.0
2.7
2.544
0.008
0.0
2.152
3.148
1.944
1.304
0.024
0.008
1.504
2.808
2.792
2.484
2.936
1.768
0.032
0.004
0.016
0.004
0.0
0.004
0.028
0.0
0.004
0.128
1.804
1.684
1.66
3.072
3.916
3.6
3.736
4.74
0.0
0.0
0.0
0.0
0.02
3.024
2.82
2.396
1.756
1.58
2.744
3.056
2.648
1.36
1.584
2.784
2.892
2.188
0.0
1.632
2.24
1.436
0.0
0.0
0.004
0.012
0.06
0.04
0.04
0.02
0.004
0.0
0.0
1.732
1.772
2.06
2.832
3.072
1.068
3.488
0.052
0.008
0.0
0.0
0.004
2.32
3.42
4.024
2.22
3.12
2.744
3.128
2.976
2.82
1.744
1.676
2.78
2.32
0.0
0.016
0.008
1.444
2.2
0.008
0.068
0.0
0.004
0.0
0.0
0.012
0.012
0.008
0.028
0.0
0.004
0.1
1.376
1.952
2.592
2.948
0.256
0.024
0.0
0.0
0.02
1.628
4.928
4.432
3.456
2.892
3.348
2.648
3.124
1.988
0.008
0.0
0.0
0.0
0.032
0.0
0.064
0.012
0.048
0.028
0.0
0.0
0.008
0.0
0.0
0.116
0.008
0.044
0.096
0.076
0.128
1.64
2.364
2.072
2.652
3.512
0.012
0.02
0.0
0.0
0.008
0.672
4.452
4.3
4.2
4.236
2.208
1.332
4.06
0.0
0.016
0.012
0.012
0.08
0.016
0.02
0.0
0.0
0.0
0.0
0.012
0.004
0.164
0.008
0.568
0.004
0.008
0.008
0.06
2.88
3.308
4.412
3.224
2.812
2.552
0.96
0.008
0.0
0.0
0.0
0.0
1.252
4.876
3.504
4.408
2.896
2.7
2.86
0.004
0.032
0.0
0.016
0.0
0.008
0.0
0.0
0.024
0.0
0.0
0.0
0.0
0.0
0.148
0.692
0.496
0.088
0.016
2.24
1.652
4.1
3.616
3.06
1.3
0.976
1.248
0.928
0.016
0.028
0.0
0.0
0.0
1.392
3.684
4.332
4.12
1.28
2.68
3.74
0.476
0.056
0.012
0.02
0.0
0.02
0.0
0.0
0.012
0.324
0.388
0.12
0.008
0.208
0.48
0.932
0.208
0.108
2.216
1.476
1.796
2.276
3.548
4.74
3.296
0.9
1.208
1.52
0.016
0.024
0.0
0.0
0.0
0.992
1.192
1.272
0.788
1.424
3.8
3.804
1.592
0.004
0.028
0.004
0.0
0.02
0.012
0.04
1.448
0.028
0.436
1.328
0.424
1.092
1.436
0.52
0.16
0.08
0.016
0.032
0.008
0.096
2.616
3.04
3.532
3.544
1.296
0.916
1.776
0.02
0.02
0.0
0.0
0.0
1.312
0.632
1.548
2.736
2.944
2.028
1.912
1.532
2.148
0.0
0.02
0.0
0.376
0.052
0.02
2.728
1.656
1.316
0.728
1.104
0.708
1.264
0.74
0.368
0.072
0.008
0.0
0.06
2.196
3.856
3.74
1.272
0.988
1.304
2.54
0.1
0.008
0.008
0.0
1.02
1.72
1.16
2.104
3.016
2.244
3.168
2.528
2.148
2.612
0.06
0.052
1.596
1.628
0.236
0.308
0.32
2.448
0.396
0.948
1.056
1.468
0.868
0.628
0.148
0.016
1.244
2.272
2.288
3.872
4.464
1.492
0.992
1.432
3.524
2.244
0.94
0.052
0.012
0.004
1.024
1.448
0.42
1.348
0.056
0.012
0.028
0.22
0.048
2.872
0.016
1.824
2.492
2.264
0.844
0.276
0.716
2.816
1.108
1.12
0.756
0.856
1.212
1.12
0.264
0.056
0.008
2.528
3.32
3.404
1.7
1.032
1.852
3.824
4.12
4.224
2.728
0.428
0.104
0.028
1.22
0.604
0.392
0.472
0.024
0.104
1.564
3.2
2.092
3.172
2.312
2.172
2.46
2.628
0.268
0.088
0.044
2.808
2.604
0.816
1.116
1.108
1.148
1.068
0.172
1.376
3.392
1.828
3.54
1.004
0.892
1.236
2.78
3.976
3.816
2.98
2.312
1.772
1.44
0.156
0.02
1.12
0.988
0.196
0.432
2.548
3.7
2.02
2.412
2.804
2.548
2.836
1.792
0.064
0.092
0.012
1.632
2.7
2.164
0.328
1.86
1.284
1.568
4.684
2.16
2.328
3.008
2.624
0.972
1.14
1.164
1.632
2.716
4.216
2.676
2.652
3.564
2.608
2.984
1.816
0.024
0.692
0.572
0.688
0.624
1.236
2.916
2.936
0.12
2.868
3.14
1.896
0.0
0.004
0.02
0.0
1.552
3.376
1.656
0.144
2.94
1.224
0.916
4.8
3.06
4.308
3.384
0.588
0.62
1.48
2.972
3.224
2.892
2.872
2.768
2.324
2.92
2.216
2.184
2.576
0.016
0.04
1.54
1.088
0.852
1.98
0.78
3.28
2.54
0.0
0.028
0.064
0.024
1.84
2.0
0.004
1.868
3.324
1.62
2.36
3.892
0.628
0.944
2.84
3.52
1.864
0.112
0.148
0.276
1.576
2.62
2.74
3.352
0.492
0.944
3.256
1.832
2.548
2.304
0.188
0.008
1.168
3.672
3.608
3.68
0.548
0.052
0.052
2.552
1.876
2.208
0.004
1.928
1.828
1.944
1.652
1.56
3.408
3.3
2.912
2.868
0.88
2.672
3.808
3.912
1.664
0.224
0.32
2.072
3.184
2.112
4.204
3.7
3.34
1.564
3.544
2.736
2.272
0.052
0.328
0.004
0.16
3.976
3.808
4.968
2.08
0.12
0.06
1.708
2.496
2.5
2.616
2.38
2.976
0.008
1.82
2.248
3.004
4.164
2.636
1.268
3.584
3.032
4.372
1.936
1.272
0.26
1.768
3.536
4.16
3.572
3.136
5.064
1.436
0.78
3.916
1.788
0.052
1.172
1.52
0.016
0.236
4.38
3.088
3.94
3.436
0.212
0.032
0.024
1.488
3.448
2.824
3.584
2.66
2.192
2.056
2.172
2.704
2.104
2.204
2.34
2.932
4.396
3.436
1.08
0.372
2.092
4.148
3.924
2.508
2.332
1.632
3.52
2.384
1.272
2.78
0.976
2.72
3.448
0.048
0.016
1.184
3.924
0.848
2.944
2.668
2.388
0.292
0.024
0.196
0.432
0.664
0.588
2.808
2.912
1.36
2.74
3.256
2.82
0.772
2.964
3.236
3.94
1.4
0.94
2.32
3.972
3.216
4.588
3.6
3.42
0.932
1.12
1.352
0.712
1.508
2.72
2.62
2.2
0.112
0.064
1.228
5.128
3.936
0.424
0.164
1.9
3.604
3.12
3.0
2.688
5.196
3.072
1.532
1.64
3.3
2.584
2.952
2.12
2.028
4.196
3.668
1.896
1.648
0.848
4.288
4.04
2.668
1.18
1.192
0.848
1.42
1.084
1.216
1.112
2.932
2.256
3.476
0.088
0.048
0.252
1.668
3.848
4.36
3.676
0.48
0.356
0.296
0.16
1.88
2.492
4.072
3.196
2.388
2.736
3.672
2.856
3.324
2.464
2.684
3.708
1.932
0.64
0.94
3.06
4.648
3.28
3.028
3.84
1.644
1.38
0.916
0.88
0.496
0.464
3.32
2.252
1.684
0.176
1.608
3.508
2.916
2.792
3.86
4.004
2.612
1.396
0.896
0.296
2.152
2.412
2.464
2.54
0.044
1.788
2.208
1.9
2.768
2.688
2.976
0.476
1.104
1.496
3.552
3.888
4.32
3.92
2.944
3.44
3.664
0.972
0.484
0.244
0.328
0.344
2.812
2.052
1.84
0.152
2.472
1.992
1.676
2.172
4.344
3.836
2.988
1.056
0.66
0.744
0.624
0.124
0.18
0.316
0.324
0.688
0.104
1.316
3.148
1.72
1.292
0.34
0.888
3.616
4.284
3.324
2.56
3.928
4.116
3.248
2.676
0.6
1.496
0.32
0.176
0.488
0.0
2.088
1.66
0.164
2.96
1.976
0.0
1.904
2.404
2.944
3.032
0.924
0.872
1.624
0.376
0.548
0.712
1.112
0.992
1.58
2.224
2.512
2.944
2.868
3.204
2.772
1.78
4.444
4.132
3.704
3.036
4.028
3.932
3.544
2.956
2.324
0.3
0.548
0.432
1.304
0.0
3.016
1.784
1.2
2.892
1.888
0.0
0.0
0.0
0.74
1.0
0.984
1.424
0.376
0.168
0.512
0.872
0.808
0.468
2.656
3.376
3.52
3.72
1.716
1.868
3.56
4.088
3.6
3.264
0.692
0.66
2.312
2.632
2.18
0.404
2.128
0.656
0.5
0.788
0.516
2.08
2.692
2.868
2.748
2.588
2.752
0.0
0.0
0.0
1.048
1.24
1.656
0.436
0.624
1.196
0.476
0.704
1.308
1.296
1.388
0.772
3.636
2.176
0.024
1.56
1.7
3.908
2.532
4.032
2.064
0.432
2.232
2.184
2.344
0.308
0.976
0.852
0.672
1.264
0.796
2.04
2.58
1.896
2.716
2.732
2.516
1.964
0.0
0.0
0.988
1.112
1.312
1.392
1.272
1.316
1.192
1.056
1.572
1.316
0.932
1.0
3.208
2.64
0.152
0.0
0.06
2.544
3.844
2.732
1.696
0.304
1.688
2.436
2.536
2.448
1.088
0.916
1.04
1.212
1.204
1.504
1.336
0.0
2.768
3.216
3.32
2.156
0.0
0.0
0.544
3.184
2.892
0.784
0.756
1.1
1.036
1.352
0.876
1.092
0.0
3.472
2.616
1.312
0.272
0.008
1.352
2.84
2.616
3.06
1.816
2.196
2.568
3.956
3.236
2.692
0.456
0.764
0.74
1.304
1.312
0.0
0.0
0.0
1.72
3.116
2.44
1.348
0.0
0.0
0.0
2.056
3.536
1.96
0.784
0.0
0.0
0.0
0.0
0.96
3.508
2.976
3.632
0.56
1.332
0.06
0.016
0.024
2.056
3.068
2.236
2.524
3.196
4.372
3.084
1.296
1.092
0.544
0.42
0.528
0.752
0.0
1.604
1.88
2.656
2.468
0.0
0.0
0.0
0.0
0.0
0.0
2.26
2.756
2.336
1.892
1.8
0.0
0.0
1.404
3.056
3.472
3.068
2.828
2.792
2.3
0.176
0.088
1.872
0.716
0.848
2.228
4.532
3.632
3.076
2.888
1.128
0.924
1.276
0.448
0.908
0.0
3.096
2.696
2.432
2.708
1.612
0.0
0.0
0.0
0.0
0.0
1.62
3.052
3.26
2.524
0.0
0.0
1.888
1.884
4.78
4.968
2.66
3.356
4.216
0.648
0.468
0.16
0.184
0.596
2.888
3.96
3.74
4.632
3.668
3.02
0.784
2.072
1.048
1.024
1.168
0.0
1.78
2.588
3.068
0.0
0.0
0.0
1.944
1.76
3.076
0.0
0.0
1.816
2.164
1.688
0.0
0.0
1.944
2.604
3.88
4.068
3.956
4.62
3.132
1.376
1.992
0.292
0.156
2.252
4.356
4.96
4.544
4.004
3.7
1.196
0.696
2.884
2.824
0.0
1.116
