0.0
0.0
0.0
0.48
2.39
3.1
2.47
2.95
2.39
2.21
2.72
3.7
1.82
0.06
0.0
0.01
0.0
0.01
0.02
0.2
0.59
0.04
0.01
0.0
0.13
1.5
0.0
0.0
0.0
1.58
1.33
2.36
3.05
2.42
3.27
0.09
0.02
0.0
0.0
0.0
0.0
0.0
0.07
1.82
2.97
1.31
3.61
3.81
3.38
3.44
2.76
1.92
0.01
0.01
0.01
0.0
0.02
0.0
0.0
0.0
0.01
0.0
0.0
0.09
3.06
1.02
0.0
0.0
0.0
2.7
2.92
2.91
2.33
2.57
1.1
0.63
0.0
0.0
0.0
0.0
0.01
0.0
0.01
0.8
1.31
1.5
1.91
2.3
3.5
2.61
2.41
2.64
0.74
1.98
2.51
0.83
0.03
0.0
0.0
0.0
0.0
0.0
0.0
0.89
2.66
0.9
0.0
0.0
1.63
1.51
1.13
2.31
2.14
2.17
0.54
0.29
0.0
0.0
0.0
0.02
0.01
0.0
0.0
0.0
0.0
0.0
0.02
1.32
3.16
1.62
2.05
1.99
3.17
2.25
3.14
2.91
0.12
0.0
0.12
3.51
1.33
0.07
0.1
0.23
3.75
2.52
0.0
2.38
1.32
3.31
1.7
2.59
2.7
2.34
2.36
1.21
0.02
0.0
0.03
0.0
0.04
0.0
0.0
0.0
0.7
2.57
3.16
2.43
2.58
3.68
2.53
2.79
2.53
2.66
2.77
2.44
0.85
0.09
2.01
2.95
1.71
0.01
0.82
1.33
2.76
0.0
0.0
1.52
2.83
1.87
2.3
3.23
2.44
0.61
0.05
0.08
0.0
0.0
0.0
0.0
0.0
0.0
0.0
0.09
1.64
2.92
3.31
2.45
2.22
1.8
2.26
1.23
1.71
0.51
0.98
0.16
0.03
1.77
3.27
2.0
1.87
1.92
2.52
2.8
1.25
0.0
0.0
1.23
2.39
3.46
2.81
2.29
2.21
0.64
0.02
0.0
0.0
0.0
0.0
0.0
0.0
0.0
0.0
0.88
3.28
4.32
2.95
3.22
2.38
1.33
1.41
3.19
2.91
2.38
1.68
0.72
1.86
2.04
3.0
2.41
3.65
3.92
1.56
0.0
0.0
1.6
1.98
2.86
3.48
2.24
1.09
1.13
0.37
0.15
0.06
0.0
0.0
0.0
0.0
0.0
0.01
0.0
0.0
0.02
2.73
3.33
2.15
2.67
3.39
2.52
2.24
2.92
1.56
1.35
2.29
3.0
2.16
1.72
2.14
2.55
1.19
0.0
0.0
0.0
0.0
0.98
1.71
3.82
3.01
2.12
0.53
0.07
0.05
0.03
0.04
0.0
0.0
0.02
0.0
0.0
0.01
0.0
0.0
0.03
1.62
2.3
0.53
0.09
0.97
2.28
2.03
3.52
1.83
2.22
2.75
2.26
2.06
3.16
2.2
2.29
1.04
0.0
0.0
0.0
0.0
1.0
1.24
3.02
1.21
0.11
0.05
0.04
0.0
0.0
0.0
0.0
0.0
0.0
0.0
0.0
0.0
0.0
0.02
0.56
1.0
0.81
0.08
0.01
0.02
0.07
2.72
3.5
2.18
2.52
2.58
0.73
0.05
0.87
1.79
2.72
1.63
1.51
2.33
0.0
0.0
1.59
0.0
2.67
1.18
0.11
0.06
0.0
0.0
0.0
0.02
0.0
0.0
0.0
0.1
0.0
0.0
0.0
0.01
0.02
1.12
0.0
0.0
0.05
0.19
2.02
2.44
2.12
1.85
1.81
2.65
0.33
0.59
3.02
2.85
2.35
1.63
2.22
2.69
0.0
2.06
2.52
0.0
0.96
1.5
0.7
0.0
0.01
0.0
0.0
0.0
0.0
0.05
0.0
0.15
0.0
0.0
0.0
0.0
0.02
0.18
0.0
0.08
1.54
3.33
2.89
2.38
2.51
2.32
2.4
0.9
0.1
0.56
3.11
2.53
1.15
2.27
2.6
1.89
0.0
2.36
2.29
2.98
1.82
3.39
2.73
0.0
0.0
0.0
0.0
0.0
0.0
0.0
0.0
0.0
0.0
0.0
0.0
0.0
0.0
0.0
0.03
0.87
1.46
3.25
1.74
2.73
2.99
1.76
2.2
0.05
0.11
2.41
2.09
1.64
2.37
2.02
1.33
1.72
0.0
0.0
2.17
3.45
1.66
1.77
0.52
0.03
0.0
0.0
0.0
0.0
0.0
0.0
0.0
0.0
0.08
0.0
0.0
0.0
0.0
0.0
0.05
1.15
2.42
1.34
1.62
3.37
2.17
2.41
0.02
0.01
1.12
2.23
1.59
0.8
2.32
2.0
0.38
2.69
0.0
0.0
0.0
2.16
1.69
0.47
0.1
0.01
0.0
0.0
0.0
0.0
0.0
0.0
0.24
0.23
0.72
0.02
0.03
0.0
0.11
0.0
0.0
0.1
0.79
0.8
3.41
3.35
1.52
0.76
0.02
0.0
1.12
2.52
3.05
2.05
2.13
1.52
0.49
3.51
0.0
0.0
0.0
0.0
2.43
1.38
0.08
0.01
0.0
0.0
0.18
0.0
0.0
0.0
0.0
0.25
0.0
0.0
0.0
0.01
0.0
0.02
0.0
0.0
0.05
0.51
1.25
0.87
0.17
0.0
0.0
0.0
0.04
0.56
1.41
4.09
1.71
1.43
0.33
3.17
0.0
0.0
0.0
0.0
1.39
4.13
1.21
0.12
0.0
0.0
0.0
0.0
0.0
0.0
0.0
0.0
0.52
0.05
0.0
0.0
0.0
0.0
0.0
0.0
0.0
0.09
0.19
0.04
0.0
0.0
0.05
0.93
1.68
1.78
3.11
0.97
4.07
1.76
0.83
1.82
1.26
0.0
0.0
0.0
1.06
3.09
2.44
0.3
0.0
0.01
0.0
0.03
0.0
0.0
0.0
0.0
0.0
0.02
0.3
0.0
0.0
0.0
0.01
0.0
0.0
0.0
0.0
0.0
0.0
1.02
0.79
2.12
3.29
1.94
1.28
1.61
0.0
2.19
2.19
2.3
1.26
0.0
1.63
0.74
2.35
1.94
1.5
0.34
0.0
0.0
0.0
0.0
0.0
0.0
0.25
0.0
0.0
1.15
1.22
0.14
0.0
0.0
0.0
0.02
0.0
0.0
0.0
0.03
0.45
1.86
3.01
1.65
1.4
0.0
0.0
1.64
1.85
1.5
1.48
3.52
0.92
1.52
2.54
0.87
1.4
1.68
0.09
0.0
0.0
0.0
0.0
0.0
0.0
0.0
0.29
0.02
0.06
1.13
1.14
0.6
0.14
0.0
0.0
0.0
0.0
0.03
0.0
0.27
1.21
1.1
2.68
2.97
1.5
1.65
1.26
0.0
1.55
2.43
0.15
0.07
2.41
2.26
0.5
0.03
0.02
0.03
0.0
0.0
0.0
0.0
0.0
0.0
0.02
0.0
0.0
0.0
0.07
3.04
2.9
1.49
2.14
1.17
0.0
0.0
0.0
0.0
0.0
0.0
0.0
0.35
0.92
1.88
2.99
2.7
2.69
3.11
1.85
1.16
0.76
0.04
1.16
0.12
0.01
0.0
0.01
0.01
0.0
0.0
0.0
0.0
0.0
0.0
0.0
0.0
0.0
0.0
0.0
1.9
1.95
0.73
0.52
0.78
0.01
0.0
0.0
0.0
0.0
0.0
0.0
0.01
0.63
2.2
3.23
1.3
1.13
2.7
4.39
2.94
1.53
0.0
0.0
0.0
0.0
0.03
0.74
0.72
0.02
0.08
0.0
0.0
0.0
0.0
0.0
0.0
0.01
0.01
0.0
0.0
0.03
0.0
0.01
0.0
0.0
0.0
0.0
0.0
0.0
0.0
0.0
0.16
0.95
1.98
1.81
0.06
0.7
1.78
1.54
0.7
0.05
0.0
0.0
0.0
0.74
1.96
3.05
2.08
0.09
0.0
0.0
0.01
0.01
0.0
0.07
0.04
0.0
0.0
0.01
0.0
0.0
0.0
0.01
0.0
0.0
0.0
0.0
0.0
0.0
0.0
0.0
0.0
1.09
0.79
0.13
0.03
0.21
2.74
1.46
0.17
0.01
0.0
1.0
2.29
3.1
1.38
1.88
1.16
0.11
0.01
0.0
0.0
0.0
0.4
1.08
0.03
0.0
0.0
0.01
0.0
0.0
0.0
0.0
0.0
0.0
0.0
0.0
0.0
0.0
0.0
0.07
0.0
0.01
0.02
0.04
0.0
0.0
0.01
0.0
0.0
0.0
1.02
1.33
1.25
2.81
2.15
1.18
0.04
0.03
0.0
0.01
0.0
0.08
1.39
1.42
1.8
0.11
0.03
0.0
0.0
0.0
0.0
0.0
0.0
0.0
0.0
0.0
0.0
0.0
0.0
0.0
0.01
0.01
0.0
0.0
0.0
0.36
0.0
0.0
0.51
1.18
1.99
1.92
2.51
2.01
2.6
0.12
0.0
0.0
0.0
0.0
0.0
0.12
2.05
1.82
1.08
1.09
1.07
0.08
0.0
0.0
0.0
0.0
0.0
0.0
0.0
0.0
0.0
0.0
0.0
0.0
0.01
0.0
0.0
0.01
0.07
0.12
1.06
1.53
0.9
1.15
1.8
1.61
2.39
2.25
0.57
0.0
0.0
0.0
0.01
0.0
0.0
0.76
2.01
2.14
1.9
1.62
1.56
2.01
0.0
0.0
0.0
0.0
0.0
0.0
0.0
0.01
0.0
0.0
0.0
0.0
0.0
0.0
0.0
0.01
0.08
0.14
0.29
0.06
0.03
0.04
0.6
0.78
0.61
0.0
0.0
0.0
0.02
0.0
0.01
0.02
0.73
1.58
1.78
1.43
1.98
3.82
2.43
1.76
0.0
0.0
0.0
0.0
0.0
0.0
0.0
0.01
0.0
0.01
0.0
0.0
0.0
0.0
0.0
0.0
0.0
0.0
0.0
0.0
0.0
0.0
0.05
0.0
0.04
0.0
0.0
0.0
0.02
0.0
0.01
0.17
0.21
0.44
0.09
0.7
2.34
1.81
2.61
1.71
0.0
0.0
0.0
0.0
0.0
0.42
0.04
0.0
0.0
0.0
0.0
0.01
0.23
0.02
0.0
0.0
0.0
0.0
0.0
0.0
0.0
0.0
0.0
0.0
0.02
0.03
0.01
0.11
0.05
0.06
0.0
0.0
0.0
0.0
0.0
0.12
0.04
1.4
1.61
1.65
0.0
0.0
0.0
0.0
0.0
0.4
1.99
1.47
0.0
0.0
0.0
0.0
0.0
0.07
0.07
0.11
0.0
0.0
0.09
0.02
0.02
0.0
0.17
0.07
0.01
0.02
0.0
0.0
0.02
0.04
0.0
0.01
0.07
0.0
0.01
0.2
0.01
0.04
0.77
0.96
0.0
0.0
0.0
0.0
0.0
0.0
1.64
4.73
0.72
0.02
0.01
0.03
0.0
0.02
0.03
0.25
0.09
0.15
0.0
0.1
0.08
0.1
0.01
0.04
0.01
0.0
0.0
0.03
0.0
0.03
0.01
0.02
0.03
0.34
0.13
0.1
0.14
0.15
0.09
0.12
0.0
0.0
0.0
0.0
0.0
0.0
2.42
2.33
1.5
1.74
0.57
0.0
0.01
0.0
0.05
0.0
0.02
0.03
0.13
0.1
0.0
0.0
0.0
0.0
0.03
0.0
0.24
0.0
0.92
0.0
0.01
0.0
0.15
1.0
2.16
1.34
0.5
0.04
0.27
0.27
0.0
0.0
0.0
0.0
0.0
1.55
1.77
1.89
1.79
2.33
2.56
0.26
0.0
0.03
0.0
0.06
0.2
0.0
0.0
0.0
0.0
0.0
0.0
0.0
0.01
0.0
0.25
1.69
0.6
0.06
0.0
0.0
0.05
1.01
1.32
3.12
1.48
0.9
2.5
1.82
0.0
0.0
0.0
0.0
0.0
1.75
2.06
2.38
1.65
2.14
3.42
1.48
0.9
0.03
0.02
0.07
0.0
0.0
0.0
0.0
0.02
0.61
0.41
0.13
0.0
0.82
2.12
1.96
0.66
0.02
0.0
0.0
0.14
0.85
1.94
1.62
2.57
1.52
2.31
2.8
0.0
0.0
0.0
0.0
0.0
3.37
2.82
2.05
0.8
2.36
2.06
2.33
0.18
0.0
0.09
0.0
0.0
0.04
0.04
0.02
0.08
0.07
1.18
2.54
1.87
2.27
2.21
2.41
0.45
0.09
0.01
0.05
0.03
0.1
1.47
1.63
1.87
2.19
2.04
1.36
0.0
0.0
0.0
0.0
0.0
0.0
3.81
1.27
0.36
0.68
1.24
0.13
0.01
0.07
0.03
0.0
0.02
0.0
0.32
0.1
0.03
0.14
0.3
0.23
1.21
1.99
1.22
1.69
2.36
0.43
0.09
0.0
0.0
0.05
0.53
0.8
2.17
2.94
1.72
1.73
0.0
0.0
0.0
0.0
0.0
3.61
2.76
1.27
0.04
0.04
0.03
0.02
0.02
0.0
0.0
0.0
0.06
0.05
0.06
0.45
0.43
1.0
0.23
0.61
1.4
2.2
2.23
0.92
1.38
0.09
0.05
0.03
0.01
0.4
1.22
2.47
1.54
2.46
1.94
3.32
0.0
0.0
0.0
0.0
0.0
2.41
2.2
0.92
0.12
0.04
0.0
0.06
0.03
0.02
0.02
0.06
0.0
0.23
0.93
1.2
0.92
1.31
2.93
2.04
1.97
1.68
2.15
2.63
1.91
0.4
0.11
0.01
0.09
0.89
1.96
2.16
1.22
2.27
1.44
1.34
0.0
0.0
0.0
0.0
0.0
2.24
1.57
0.89
0.64
0.03
0.05
0.02
0.29
0.02
0.04
0.06
0.08
0.77
0.29
0.3
0.17
0.12
0.31
1.91
1.12
2.09
1.31
1.44
1.74
0.2
0.23
0.01
0.05
1.34
2.37
2.2
1.75
1.17
2.45
1.74
0.0
0.0
0.0
0.0
0.0
0.0
2.65
1.31
0.28
0.5
0.86
0.78
0.03
0.0
0.01
0.02
0.04
0.27
0.67
0.2
0.0
0.01
0.09
0.31
0.53
1.19
1.39
1.94
2.49
0.39
0.53
0.05
0.15
3.76
2.62
2.01
0.66
0.84
2.74
1.74
0.0
0.0
0.0
0.0
0.0
0.0
2.86
1.49
0.71
1.75
1.46
2.98
0.52
0.17
0.17
0.03
0.01
0.03
0.02
0.01
0.0
0.16
0.0
0.13
0.1
0.8
1.7
2.27
1.56
0.36
1.01
0.15
0.21
1.33
1.2
0.89
0.41
0.25
1.41
1.55
0.0
0.0
0.0
0.0
0.0
0.0
0.0
2.44
2.57
1.46
2.22
1.2
0.14
0.01
0.06
0.05
0.0
0.1
0.17
0.01
0.0
0.08
0.22
0.42
0.57
2.68
2.03
0.9
2.2
1.48
0.46
0.29
0.16
0.31
0.43
0.36
0.39
1.48
0.97
1.92
0.0
0.0
0.0
0.0
0.0
0.0
2.76
1.82
2.09
1.45
0.71
0.14
0.01
0.0
0.0
0.0
0.01
0.08
0.14
0.07
0.03
0.0
0.13
2.12
1.11
1.05
1.48
1.22
1.25
2.43
1.5
0.22
0.25
0.23
0.32
0.84
1.8
1.43
2.49
2.28
0.0
0.0
0.0
0.0
0.0
0.0
0.0
3.27
1.05
2.33
0.93
0.1
0.03
0.0
0.01
0.09
0.02
0.03
0.01
0.01
0.02
0.0
0.2
0.48
1.43
1.8
1.34
2.0
2.33
1.58
2.68
0.4
0.67
0.64
1.79
2.01
2.13
1.89
0.0
1.64
0.0
0.0
0.0
0.0
0.0
0.0
0.0
1.92
1.68
1.87
1.32
0.37
0.04
0.01
0.22
0.51
0.23
0.02
0.32
0.09
0.04
0.0
0.02
0.07
0.47
1.2
2.31
0.98
1.09
1.41
0.68
0.56
1.06
2.6
1.96
1.71
0.0
1.25
1.47
2.53
0.0
0.0
0.0
0.0
0.0
0.0
0.0
1.77
0.77
1.14
0.2
0.03
0.07
0.01
0.06
0.44
0.61
0.92
0.43
0.25
0.01
0.02
0.05
0.17
0.91
0.91
1.01
2.48
1.26
2.05
1.82
2.1
1.24
1.73
2.99
1.5
1.58
1.7
1.64
1.85
0.0
0.0
0.0
0.0
0.0
0.0
0.0
2.62
2.78
0.7
0.61
0.04
0.33
0.06
0.12
1.11
1.62
0.43
0.55
0.32
0.0
0.03
0.03
0.3
0.93
1.49
1.14
0.68
2.41
1.18
1.69
1.56
1.19
1.62
1.89
2.52
2.55
1.87
1.63
2.03
0.0
0.0
0.0
0.0
0.0
0.0
0.0
1.18
1.93
2.17
1.26
0.47
1.16
0.37
0.22
0.46
1.39
0.32
0.51
0.22
0.02
0.01
0.05
0.08
1.49
1.33
2.37
1.05
1.6
2.55
1.69
2.0
1.87
2.44
2.55
2.88
2.12
1.04
1.89
0.65
0.0
0.0
0.0
0.0
0.0
0.0
0.0
0.0
2.81
2.33
1.96
2.48
1.17
0.77
0.9
0.4
0.45
0.12
0.06
0.2
0.09
0.03
0.05
0.2
0.71
0.71
1.99
2.52
2.35
1.65
1.84
2.27
1.68
1.65
1.95
1.96
1.38
0.84
0.26
0.28
0.0
0.0
0.0
0.0
0.0
0.0
0.0
0.0
2.37
1.56
1.9
2.73
2.02
1.56
1.48
0.09
0.17
0.7
0.71
0.28
0.23
0.01
0.03
0.06
0.05
0.31
1.0
2.13
1.89
2.08
0.0
1.66
2.31
1.87
1.48
0.55
0.42
0.36
0.16
0.97
0.0
0.0
0.0
0.0
0.0
0.0
0.0
0.0
0.0
2.65
2.31
1.94
2.63
2.23
0.46
0.51
1.11
1.6
1.69
3.49
0.98
0.04
0.0
0.0
0.14
0.25
1.2
1.77
2.1
1.49
1.69
2.08
0.89
1.12
0.94
0.85
0.32
0.77
0.56
1.32
0.0
0.0
0.0
0.0
0.0
0.0
0.0
0.0
0.0
3.16
1.79
1.06
3.61
0.64
0.23
1.21
1.49
1.23
0.86
1.38
1.59
0.41
0.08
0.41
0.0
0.17
3.25
2.04
1.74
3.26
1.54
1.98
1.16
0.89
0.62
0.58
1.83
0.87
0.88
0.54
0.0
0.0
0.0
0.0
0.0
0.0
0.0
0.0
0.0
2.7
2.82
3.14
0.72
1.25
1.56
1.34
1.87
1.4
3.42
3.03
1.47
1.77
0.47
0.01
0.0
0.31
0.59
1.32
2.5
0.87
0.49
0.77
0.37
0.51
0.45
1.46
2.08
1.35
3.08
1.75
0.0
0.0
0.0
0.0
0.0
0.0
0.0
0.0
0.0
1.93
2.69
2.77
2.34
3.2
2.28
2.29
2.85
2.07
1.03
2.2
1.86
1.63
1.15
0.22
0.01
0.11
0.13
0.86
2.06
0.84
0.75
0.49
0.74
0.43
0.71
1.52
1.65
1.61
2.18
2.07
0.0
0.0
0.0
0.0
0.0
0.0
0.0
0.0
0.0
2.05
2.54
2.61
1.67
1.54
2.24
3.5
2.46
3.39
1.74
0.0
1.99
1.85
2.65
0.31
0.06
0.04
0.1
0.75
0.53
0.33
0.75
0.91
1.65
0.65
1.32
0.81
0.84
2.19
1.74
2.58
0.0
0.0
0.0
0.0
0.0
0.0
0.0
0.0
0.0
0.0
0.0
1.74
2.7
1.24
0.0
0.0
0.0
0.0
1.54
2.28
2.05
2.68
0.44
0.25
0.1
0.02
0.05
0.09
0.56
1.07
1.13
1.32
1.87
1.26
1.33
0.93
0.41
0.71
1.6
1.88
0.0
0.0
0.0
0.0
0.0
0.0
0.0
0.0
0.0
0.0
0.0
0.0
0.0
0.0
0.0
0.0
0.0
0.0
0.0
2.6
2.27
0.57
0.79
1.31
0.82
0.17
0.01
0.32
0.64
1.48
0.93
1.91
2.43
0.98
2.46
2.18
1.86
1.9
1.42
3.04
0.0
0.0
0.0
0.0
0.0
0.0
0.0
0.0
0.0
0.0
0.0
0.0
0.0
0.0
0.0
0.0
0.0
0.0
0.0
1.26
2.36
0.86
1.92
3.25
1.67
0.68
0.29
0.35
0.94
1.52
1.4
2.1
1.36
2.06
1.75
1.45
2.54
3.19
1.54
1.0
0.0
0.0
0.0
0.0
0.0
0.0
0.0
0.0
0.0
0.0
0.0
0.0
0.0
0.0
0.0
0.0
0.0
0.0
0.0
0.0
1.8
1.16
1.73
1.15
2.07
2.0
0.27
0.19
0.69
2.6
3.33
2.89
2.51
2.95
1.97
0.6
2.56
3.62
0.0
2.79
