0.0
0.0
0.13
0.08
0.0
0.0
0.14
0.04
0.09
0.01
0.02
0.21
0.0
0.0
0.0
0.0
0.01
0.0
0.0
0.01
0.03
0.33
6.91
9.62
6.6
7.2
8.06
8.89
6.78
5.66
4.21
8.7
7.5
4.66
5.33
4.62
5.17
3.51
0.0
0.0
0.0
0.0
0.01
0.0
0.0
0.0
0.08
0.08
0.0
0.08
0.01
0.06
0.0
0.0
0.0
0.01
0.0
0.09
0.16
0.03
0.0
0.0
0.16
5.84
9.47
7.32
7.45
8.21
5.37
6.44
2.79
6.44
0.0
0.0
5.77
6.05
8.12
5.34
5.62
3.58
0.13
0.01
0.0
0.08
0.0
0.02
0.0
0.01
0.14
0.03
0.02
0.05
0.0
0.02
0.0
0.0
0.04
7.23
5.87
0.06
0.01
0.0
0.05
0.07
1.38
6.5
7.6
5.51
8.2
9.14
5.02
7.96
0.0
0.0
0.0
7.7
5.74
7.16
0.0
4.66
0.0
0.05
0.02
0.02
0.24
0.21
0.06
0.04
0.0
0.05
0.03
0.04
0.0
0.0
0.08
0.06
0.18
5.75
6.82
7.85
6.97
0.11
0.42
0.0
0.0
3.08
8.32
6.43
6.05
6.87
7.25
5.92
0.0
0.0
4.13
7.58
9.12
4.03
0.0
3.41
0.1
0.04
0.41
0.59
7.69
5.05
0.08
0.08
0.02
0.0
0.07
0.0
0.0
0.0
0.0
0.12
0.05
0.03
7.88
9.58
6.67
3.49
5.8
7.26
0.24
3.58
8.74
6.05
3.34
4.73
0.0
0.0
0.0
4.57
7.86
6.99
4.99
0.0
0.0
9.9
0.25
0.11
0.36
6.58
4.62
0.13
3.77
7.08
0.1
0.0
0.12
0.03
0.07
0.01
0.01
0.11
0.05
0.72
5.28
9.73
10.56
4.31
0.45
7.27
5.26
4.41
6.95
9.48
4.14
0.0
0.0
0.0
0.0
4.74
5.94
3.5
0.0
0.0
5.54
7.45
0.2
0.57
5.24
5.45
0.33
3.3
5.51
3.9
0.01
0.0
0.06
0.03
0.08
0.0
0.0
0.13
7.7
6.2
8.18
8.99
5.55
7.11
5.3
8.75
5.8
10.34
5.91
7.81
6.62
0.0
0.0
0.0
3.94
2.82
0.0
0.0
0.0
0.0
7.2
7.19
0.24
7.4
7.32
0.41
6.97
6.97
3.9
0.07
0.01
0.02
0.02
0.07
0.01
0.0
0.07
6.54
6.32
8.68
6.54
7.44
7.21
8.13
8.6
8.12
3.98
6.48
7.09
7.59
7.49
5.05
0.0
0.0
0.0
0.0
0.0
0.0
0.0
5.76
9.27
7.43
0.09
6.28
8.93
7.98
8.17
7.45
0.11
0.11
0.0
0.0
0.0
0.0
0.04
0.01
6.96
5.01
4.52
6.86
6.39
6.64
5.63
7.89
7.09
4.05
0.0
3.72
4.15
3.79
4.57
3.41
0.0
0.0
0.0
0.0
0.0
0.0
5.05
7.53
9.31
1.95
2.49
7.32
7.14
6.32
6.49
2.35
0.69
0.18
0.0
0.0
0.05
0.04
0.01
0.17
0.05
0.13
0.11
5.68
7.66
3.87
3.44
3.72
5.17
4.78
3.63
5.65
3.91
0.0
0.0
0.0
0.0
0.0
0.0
0.0
0.0
0.0
3.68
7.15
4.41
8.24
0.27
8.72
4.18
0.73
0.27
0.14
0.13
0.0
0.0
0.08
0.04
0.0
0.01
0.05
0.0
0.12
5.01
6.96
7.33
4.12
4.6
4.18
4.95
4.95
4.47
7.73
8.14
8.1
0.0
0.0
3.18
0.0
0.0
0.0
0.0
5.86
9.43
10.3
3.47
10.06
2.94
1.96
0.06
0.1
0.1
0.02
0.0
0.02
0.02
0.0
0.01
0.0
0.0
0.0
0.16
6.57
8.88
6.55
8.37
7.69
6.08
8.43
4.43
4.24
7.27
9.49
7.08
7.41
0.0
3.82
3.48
0.0
0.0
0.0
0.0
4.85
9.21
8.06
8.92
5.06
3.8
0.16
0.07
0.14
0.0
0.0
0.04
0.03
0.0
0.14
0.24
0.06
0.07
0.0
0.14
3.5
7.88
7.88
7.62
5.8
7.98
3.72
5.25
7.83
8.58
6.17
7.04
7.27
4.44
7.29
5.95
0.0
0.0
0.0
4.65
7.12
8.37
8.2
7.15
0.0
4.8
6.01
6.33
0.04
0.01
0.11
0.08
0.0
0.0
0.01
0.06
0.0
0.0
0.0
0.0
0.48
8.6
6.33
4.84
7.27
6.93
7.93
6.42
10.55
8.65
0.2
5.36
8.66
10.3
6.45
5.67
3.53
0.0
0.0
0.0
5.14
8.56
8.55
5.53
0.0
6.48
5.7
8.8
0.17
0.32
4.12
0.04
0.0
0.02
0.17
0.01
0.0
0.08
0.04
0.0
0.11
0.06
0.01
0.64
1.98
3.67
6.74
6.23
8.91
0.26
0.11
6.87
7.01
4.4
6.54
8.6
4.32
0.0
0.0
3.63
8.41
6.23
8.98
0.0
0.0
4.87
4.79
5.16
4.01
0.6
0.38
0.0
0.15
0.02
0.17
0.0
0.18
3.71
3.34
0.0
0.0
0.0
0.0
0.0
0.0
0.0
0.37
0.09
0.02
0.0
0.0
0.34
0.07
3.79
8.44
3.56
0.0
0.0
0.0
4.7
8.03
9.2
4.36
0.0
0.0
0.78
2.82
6.2
5.39
7.37
0.05
0.0
0.1
0.37
0.0
0.06
0.35
7.98
3.94
0.0
0.02
0.46
0.12
0.0
0.0
0.0
0.0
0.0
0.06
0.0
0.0
0.24
6.13
5.77
4.37
0.0
0.0
0.0
0.0
4.84
7.48
3.81
0.0
0.0
0.0
0.26
0.19
6.01
7.18
0.04
0.0
0.0
0.28
0.0
0.01
0.85
7.2
6.48
0.05
0.0
0.01
5.99
4.33
0.05
0.14
0.23
5.91
1.22
0.58
4.15
6.01
7.09
6.31
0.0
0.0
0.0
0.0
0.0
0.0
0.0
4.18
0.0
0.0
0.0
0.0
0.21
5.16
5.64
0.19
0.0
0.04
0.04
0.06
0.0
0.11
7.0
9.72
8.17
0.3
0.0
0.0
7.57
6.99
9.1
6.39
7.76
7.57
3.77
6.84
7.6
3.94
0.0
0.0
0.0
0.0
0.0
0.0
0.0
0.0
0.0
0.0
0.0
0.0
4.37
0.0
4.43
5.73
0.05
0.01
0.0
0.01
0.01
0.0
0.06
7.6
5.87
6.83
6.56
0.23
0.0
0.0
7.05
6.49
7.99
6.2
9.6
5.79
8.75
8.13
4.94
0.0
0.0
0.0
0.0
0.0
0.0
0.0
0.0
0.0
0.0
0.0
0.0
0.0
2.86
0.0
7.27
0.38
0.0
0.0
0.04
0.02
0.0
0.01
0.28
7.59
7.91
6.24
5.71
3.51
0.01
0.01
4.45
6.72
9.59
8.62
8.02
8.27
6.78
4.83
0.0
0.0
0.0
0.0
0.0
0.0
0.0
0.0
0.0
0.0
0.0
0.0
0.0
0.0
4.19
0.0
3.33
0.03
0.0
0.01
0.03
0.01
0.01
0.42
6.32
8.82
7.77
8.9
7.8
6.33
0.01
0.08
3.62
2.18
4.96
6.49
6.54
4.73
0.0
0.0
0.0
0.0
0.0
0.0
0.0
0.0
0.0
0.0
0.0
0.0
0.0
0.0
0.0
1.84
1.54
2.62
0.08
0.0
0.01
0.07
0.01
0.0
0.18
7.2
7.34
9.2
5.34
5.66
8.94
6.85
0.01
0.05
0.0
0.06
0.15
5.16
7.37
0.0
0.0
0.0
0.0
0.0
0.0
0.0
0.0
0.0
0.0
0.0
0.0
0.0
0.0
0.0
0.0
0.0
0.0
2.37
0.11
0.0
0.0
0.0
0.01
0.11
3.37
4.44
7.38
6.78
4.44
4.63
7.9
7.01
0.42
0.0
0.01
0.11
0.52
6.63
2.91
0.0
0.0
0.0
0.0
0.0
0.0
0.0
0.0
0.0
0.0
0.0
0.0
0.0
0.0
0.0
0.0
0.0
0.0
0.0
0.0
0.0
0.0
0.0
0.0
0.17
0.12
7.14
8.51
8.82
5.35
4.73
6.46
6.19
0.08
0.03
0.0
0.02
0.14
7.54
0.0
0.0
0.0
0.0
0.0
0.0
0.0
0.0
0.0
0.0
0.0
0.0
0.0
0.0
0.0
0.0
0.0
0.0
0.0
4.65
0.01
0.0
0.0
0.0
0.01
0.33
3.7
7.0
7.34
8.27
7.35
6.16
8.3
7.49
2.64
0.08
0.0
0.0
5.19
5.8
0.0
0.0
0.0
0.0
0.0
0.0
0.0
0.0
0.0
0.0
0.0
0.0
0.0
0.0
0.0
0.0
0.0
0.0
0.0
6.66
0.0
0.0
0.03
0.0
0.08
3.01
7.28
7.61
3.74
5.49
6.48
7.75
10.2
6.05
0.17
0.05
0.0
0.0
6.25
8.62
4.62
5.12
0.0
0.0
0.0
0.0
0.0
0.0
0.0
0.0
0.0
0.0
0.0
0.0
0.0
0.0
3.63
0.0
5.34
7.08
0.02
0.0
0.0
0.0
0.05
3.74
8.9
6.85
6.0
5.7
4.43
7.24
8.74
2.65
0.06
0.02
0.07
0.16
4.65
3.92
7.66
7.68
0.0
0.0
0.0
0.0
0.0
0.0
0.0
0.0
0.0
5.7
2.5
6.78
0.0
0.0
5.01
9.23
9.62
7.89
0.23
0.0
0.0
0.0
0.03
4.98
7.31
6.97
0.0
0.0
3.87
6.41
6.08
2.57
0.07
0.06
3.43
7.14
7.93
8.09
7.51
5.24
0.0
0.0
0.0
0.0
0.0
0.0
0.0
0.0
0.0
0.0
6.32
3.23
5.43
4.59
8.67
5.11
6.0
8.83
0.0
0.0
0.0
0.0
0.03
5.59
9.33
4.96
5.22
5.1
6.72
6.78
7.12
4.02
3.67
5.79
9.09
6.71
0.0
5.2
5.9
4.6
0.0
0.0
0.0
0.0
0.0
0.0
0.0
0.0
0.0
0.0
0.0
5.92
5.61
4.62
6.05
6.95
0.0
5.16
0.42
0.0
0.0
0.01
0.02
3.56
7.26
6.0
4.77
5.71
7.94
7.57
7.6
8.24
5.15
5.89
5.45
4.34
0.0
0.0
0.0
3.53
3.71
0.0
0.0
0.0
0.0
0.0
0.0
0.0
0.0
0.0
0.0
0.0
0.0
0.0
4.84
3.98
4.03
4.86
0.07
0.16
0.0
0.0
0.07
3.07
10.26
6.88
9.8
9.3
7.12
6.1
6.76
4.84
0.0
0.0
0.0
0.0
0.0
0.0
0.0
0.0
0.0
0.0
0.0
0.0
0.0
0.0
0.0
0.0
0.0
0.0
0.0
0.0
0.0
4.91
4.56
4.72
5.73
8.91
0.15
0.05
0.0
0.0
0.09
1.86
6.19
7.59
7.26
7.91
5.98
4.03
10.78
0.0
0.0
0.0
0.0
0.0
0.0
0.0
0.0
0.0
0.0
0.0
0.0
0.0
0.0
0.0
0.0
0.0
0.0
0.0
0.0
5.82
8.19
6.13
8.15
8.2
5.22
3.09
0.02
0.0
0.0
0.0
0.0
0.22
8.62
8.02
7.21
3.73
4.67
8.15
0.0
0.0
0.0
0.0
0.0
0.0
0.0
0.0
0.0
0.0
0.0
0.0
0.0
0.0
0.0
0.0
0.0
0.0
0.0
4.34
6.18
8.38
4.95
3.73
0.76
0.27
0.03
0.01
0.02
0.03
0.0
0.0
0.0
0.25
6.65
6.01
6.74
0.65
4.76
7.09
0.0
0.0
0.0
0.0
0.0
0.0
0.0
0.0
0.0
0.0
0.0
0.0
0.0
0.0
0.0
0.0
0.0
0.0
4.88
5.53
4.99
5.43
4.81
7.81
4.41
0.14
0.03
0.01
0.15
0.07
0.0
0.0
0.0
0.04
0.55
0.28
0.38
0.78
6.18
6.41
4.0
0.0
0.0
0.0
0.0
0.0
0.0
0.0
4.4
0.0
0.0
0.0
0.0
0.0
0.0
0.0
0.0
0.0
0.0
0.0
0.0
0.0
4.24
5.21
7.34
3.55
0.34
0.03
4.21
0.05
0.04
0.01
0.0
0.0
0.01
0.35
2.61
5.25
5.73
6.22
4.41
4.94
4.76
0.0
0.0
0.0
0.0
0.0
0.0
5.75
6.17
3.8
0.0
0.0
0.0
0.0
0.0
0.0
0.0
0.0
0.0
0.0
4.9
6.82
7.86
0.21
0.05
0.18
8.69
0.4
0.07
0.03
0.0
0.0
0.0
0.57
5.33
7.78
7.32
7.67
5.53
6.54
4.21
0.0
0.0
3.95
3.79
0.0
0.0
0.0
4.87
0.0
0.0
0.0
0.0
0.0
0.0
0.0
0.0
5.01
7.2
5.45
6.32
6.03
0.84
0.2
0.28
3.82
7.46
3.37
0.17
0.05
0.02
0.0
0.0
0.02
3.76
0.04
0.02
0.02
0.85
0.09
5.55
0.0
4.91
8.51
5.45
0.0
0.0
0.0
3.47
0.0
0.0
0.0
0.0
0.0
0.0
0.0
0.0
0.0
8.96
6.77
4.65
0.33
0.11
0.07
6.55
9.65
6.82
7.47
0.88
0.22
0.12
0.04
0.0
0.01
0.01
0.01
0.18
4.69
7.51
7.57
6.61
5.94
10.2
7.81
5.45
0.0
0.0
0.0
7.73
5.85
0.0
0.0
0.0
0.0
0.0
0.0
5.18
6.29
6.61
6.53
0.59
0.16
0.06
4.3
10.0
4.05
7.97
9.33
3.65
4.13
0.29
0.06
0.01
0.0
0.01
0.06
6.29
8.95
4.57
4.92
8.38
8.8
7.12
3.94
0.0
0.0
0.0
4.58
6.81
4.25
0.0
4.15
0.0
0.0
5.95
3.95
4.51
8.55
8.21
0.44
0.42
0.09
4.2
8.07
4.38
4.25
8.08
9.4
6.97
8.81
4.69
0.09
0.0
0.0
0.01
0.0
0.05
3.91
7.65
0.0
6.07
7.67
4.93
0.0
0.0
0.0
0.0
4.65
7.92
3.91
0.0
5.31
0.0
0.0
7.0
7.84
8.04
8.47
0.71
0.4
0.07
5.01
8.02
7.37
4.77
4.89
6.22
8.62
6.74
6.88
5.07
0.07
0.09
0.37
0.39
0.04
0.0
0.1
7.4
5.58
0.0
0.0
0.0
0.0
5.5
4.58
0.0
4.54
7.54
5.2
5.5
6.4
0.0
0.0
4.35
9.27
4.18
0.14
0.16
0.1
3.15
6.63
4.22
4.45
0.0
0.0
6.25
4.98
6.85
7.62
0.28
0.01
0.08
3.71
8.19
4.66
0.05
0.09
0.08
7.37
5.1
4.38
0.0
4.76
4.28
5.54
4.93
5.16
7.19
5.91
4.08
5.44
0.0
4.96
6.86
7.62
2.38
0.08
0.23
3.22
5.54
4.26
9.2
6.53
2.98
0.0
7.78
8.3
6.42
0.06
0.39
0.01
0.33
5.34
5.71
7.16
3.67
0.08
0.05
3.94
5.67
6.91
6.66
7.38
7.12
0.0
4.62
4.33
8.51
9.02
5.13
0.0
3.7
5.86
7.62
3.72
0.09
0.08
3.5
7.78
6.5
6.24
5.42
6.78
4.71
0.0
6.57
7.9
0.15
4.11
3.71
0.05
0.47
5.0
4.33
8.54
9.06
0.35
0.05
0.1
3.25
4.97
7.29
6.31
7.21
5.18
4.72
5.3
7.92
6.06
4.7
4.57
5.27
6.53
5.78
0.07
0.1
3.31
9.34
7.01
4.55
4.69
4.1
4.98
4.61
0.0
8.64
3.5
7.32
7.71
0.07
0.07
3.84
5.9
0.0
5.46
6.45
7.54
0.56
0.11
0.41
0.28
0.42
1.16
6.7
6.95
4.65
8.72
7.57
5.52
0.0
4.84
8.23
6.43
0.63
0.12
3.15
9.11
9.59
4.82
8.04
4.59
0.0
0.0
0.0
0.0
3.31
8.36
6.99
5.68
0.37
0.17
3.78
7.67
4.99
0.0
0.0
5.35
9.6
5.77
8.15
7.14
7.1
5.42
3.07
6.1
6.67
7.49
7.3
5.92
3.36
6.07
8.55
4.21
0.13
0.19
6.0
7.56
5.67
0.0
0.0
0.0
0.0
0.0
0.0
0.0
8.8
6.46
6.82
0.14
0.18
0.66
4.06
4.31
6.62
6.01
0.0
0.0
0.0
0.0
5.66
7.04
6.32
7.95
6.99
7.1
7.08
8.49
7.45
6.71
5.68
6.49
3.57
0.08
0.4
4.53
9.07
4.84
5.12
4.21
0.0
0.0
0.0
0.0
0.0
0.0
7.23
5.22
6.05
0.23
3.87
9.3
6.52
7.33
8.21
5.03
4.15
0.0
0.0
0.0
3.92
5.95
5.16
4.95
0.0
6.16
5.6
4.91
7.47
7.63
7.66
0.23
0.3
0.72
6.04
8.19
8.12
6.93
4.15
4.51
5.09
0.0
0.0
0.0
0.0
0.0
6.21
4.73
4.62
0.47
7.34
5.82
4.59
8.21
9.93
6.7
6.12
0.0
0.0
0.0
0.0
0.0
0.0
0.0
0.0
0.0
0.0
4.74
9.89
6.82
2.63
0.41
0.11
8.71
7.11
4.98
8.15
9.53
6.59
4.23
5.6
0.0
3.96
0.0
0.0
0.0
0.0
6.35
3.83
0.5
7.26
4.71
0.0
5.9
6.86
4.11
3.59
0.0
0.0
0.0
0.0
0.0
0.0
0.0
0.0
0.0
4.53
8.88
6.55
8.71
7.83
5.24
2.85
6.79
6.3
4.79
5.86
9.27
8.14
6.78
3.68
3.65
0.0
0.0
0.0
0.0
0.0
8.03
5.55
3.27
8.6
6.2
0.0
0.0
0.0
0.0
0.0
0.0
0.0
0.0
0.0
0.0
0.0
0.0
0.0
6.09
5.29
7.76
7.09
5.48
4.13
8.51
7.81
7.53
8.37
0.0
0.0
5.21
5.3
4.11
0.0
4.03
0.0
0.0
0.0
0.0
6.28
7.37
6.53
8.12
8.35
6.31
0.0
0.0
0.0
0.0
0.0
0.0
0.0
0.0
0.0
0.0
0.0
0.0
0.0
0.0
0.0
6.13
6.22
0.0
4.31
5.12
8.56
7.09
8.04
4.97
0.0
4.26
4.23
3.82
0.0
0.0
0.0
0.0
0.0
0.0
6.14
4.76
5.78
6.72
7.01
7.96
5.5
0.0
0.0
0.0
0.0
0.0
0.0
0.0
0.0
0.0
0.0
0.0
0.0
0.0
0.0
5.11
4.73
0.0
0.0
0.0
5.97
9.15
6.14
4.4
0.0
4.04
4.27
5.38
5.66
0.0
0.0
0.0
0.0
0.0
4.91
4.35
0.0
6.39
8.78
6.57
5.59
0.0
0.0
0.0
4.03
4.3
0.0
0.0
0.0
0.0
0.0
0.0
0.0
0.0
4.12
3.75
0.0
0.0
0.0
5.81
4.91
4.02
6.41
6.56
5.21
5.3
6.93
5.19
2.97
0.0
0.0
0.0
0.0
0.0
0.0
0.0
0.0
5.01
7.58
5.5
3.79
0.0
0.0
0.0
5.44
5.84
4.92
0.0
0.0
0.0
0.0
0.0
0.0
4.25
4.99
5.98
0.0
4.73
0.0
0.08
0.0
4.42
5.65
4.39
5.84
5.72
9.28
6.53
0.0
0.0
0.0
0.0
0.0
0.0
0.0
4.38
4.03
6.26
5.94
0.0
0.0
0.0
0.0
0.0
0.0
5.02
7.91
3.47
6.64
5.44
0.0
0.0
4.97
5.91
6.67
4.99
4.0
4.95
3.23
0.0
0.0
4.57
0.0
0.0
3.01
7.26
7.48
7.11
3.82
0.0
0.0
0.0
0.0
0.0
0.0
7.72
7.95
6.51
6.33
5.77
0.0
0.0
0.0
0.0
0.0
5.45
7.39
7.74
6.09
0.0
0.0
2.86
7.28
7.37
7.53
4.61
5.48
6.84
0.0
0.0
0.0
0.0
0.0
3.16
8.54
8.62
8.45
6.75
3.48
0.0
4.2
0.0
0.0
0.0
0.0
7.47
7.38
8.19
0.0
0.0
0.0
2.95
5.13
2.83
0.0
0.0
7.78
7.24
5.8
0.0
0.0
3.84
4.85
8.66
6.98
6.52
7.2
5.17
0.0
0.0
0.0
0.0
2.75
8.94
6.55
5.58
8.57
6.05
0.0
0.0
2.83
1.96
0.0
0.0
