0.0
0.0
0.0
0.0
0.0
0.0
0.0
0.0
0.0
0.0
0.0
0.0
0.0
0.0
0.0
0.0
0.0
0.0
0.0
0.0
0.0
0.02
0.11
0.67
0.99
1.1
1.35
1.04
1.12
0.61
0.59
1.92
0.8
0.33
0.16
0.88
0.59
1.14
0.0
0.0
0.0
0.0
0.0
0.0
0.0
0.0
0.0
0.0
0.0
0.0
0.0
0.0
0.0
0.0
0.0
0.0
0.0
0.01
0.05
0.0
0.0
0.0
0.0
0.37
0.59
0.62
0.27
1.04
0.5
1.05
0.69
1.17
0.0
0.0
0.48
0.74
1.12
0.87
0.7
0.25
0.02
0.0
0.01
0.0
0.0
0.0
0.0
0.01
0.0
0.0
0.0
0.0
0.0
0.0
0.0
0.0
0.0
0.5
1.27
0.01
0.0
0.0
0.0
0.0
0.15
1.23
1.17
0.43
0.85
1.15
0.44
0.7
0.0
0.0
0.0
1.44
0.47
0.59
0.0
1.34
0.0
0.0
0.0
0.01
0.04
0.0
0.06
0.0
0.0
0.02
0.0
0.0
0.0
0.0
0.0
0.0
0.0
0.44
0.67
0.88
0.9
0.0
0.07
0.0
0.0
0.32
1.21
0.58
0.73
0.26
0.44
0.24
0.0
0.0
0.71
1.01
2.27
0.22
0.0
0.19
0.0
0.01
0.03
0.07
0.52
0.42
0.02
0.06
0.0
0.0
0.0
0.0
0.0
0.0
0.0
0.0
0.0
0.01
0.9
1.37
0.75
0.18
0.48
0.44
0.03
0.74
1.02
1.45
0.41
0.33
0.0
0.0
0.0
0.07
0.22
1.01
0.29
0.0
0.0
0.69
0.03
0.01
0.03
0.43
1.24
0.01
0.21
0.26
0.04
0.0
0.0
0.01
0.0
0.0
0.0
0.03
0.01
0.12
0.69
0.71
0.79
0.36
0.11
0.64
0.27
0.92
0.71
0.51
0.38
0.0
0.0
0.0
0.0
0.51
0.77
0.59
0.0
0.0
0.98
1.27
0.05
0.09
0.47
0.36
0.06
0.25
0.75
0.65
0.02
0.0
0.01
0.0
0.01
0.0
0.0
0.02
0.73
0.54
1.14
1.16
0.96
0.75
0.74
1.79
1.03
1.15
0.98
0.82
0.57
0.0
0.0
0.0
0.58
0.55
0.0
0.0
0.0
0.0
1.01
0.72
0.02
0.64
1.72
0.0
1.77
0.69
0.54
0.0
0.0
0.0
0.0
0.0
0.0
0.0
0.0
0.16
0.66
0.46
0.72
0.98
1.77
1.45
0.81
0.8
0.6
0.56
0.37
1.25
1.04
1.02
0.0
0.0
0.0
0.0
0.0
0.0
0.0
0.92
1.23
0.55
0.01
1.14
1.49
0.99
0.85
0.88
0.02
0.0
0.0
0.0
0.0
0.0
0.0
0.0
0.48
1.09
0.8
1.07
0.54
0.47
0.52
1.29
0.78
0.44
0.0
0.62
0.29
0.47
0.33
0.7
0.0
0.0
0.0
0.0
0.0
0.0
0.84
1.02
1.47
0.23
0.26
0.67
1.28
1.14
0.94
0.19
0.07
0.07
0.0
0.0
0.01
0.0
0.0
0.0
0.06
0.01
0.01
0.77
1.53
0.5
0.52
0.77
0.39
0.28
0.58
0.84
0.33
0.0
0.0
0.0
0.0
0.0
0.0
0.0
0.0
0.0
0.49
1.23
0.88
0.31
0.02
1.14
0.99
0.05
0.05
0.0
0.02
0.0
0.0
0.0
0.0
0.0
0.0
0.01
0.0
0.04
0.71
0.84
1.45
0.58
0.51
0.98
0.87
0.6
0.45
1.49
0.58
0.63
0.0
0.0
0.25
0.0
0.0
0.0
0.0
0.47
0.42
1.75
0.58
1.58
0.96
0.11
0.02
0.02
0.01
0.0
0.0
0.0
0.0
0.0
0.0
0.0
0.0
0.0
0.02
0.95
0.58
0.67
1.17
0.87
1.05
0.96
0.41
0.64
0.86
1.0
0.54
1.89
0.0
0.49
0.31
0.0
0.0
0.0
0.0
0.45
1.07
1.24
0.4
0.76
0.56
0.02
0.02
0.01
0.0
0.0
0.0
0.0
0.0
0.03
0.0
0.0
0.01
0.0
0.05
0.45
0.6
1.18
1.27
0.7
1.21
0.34
0.69
1.63
0.51
0.37
0.65
1.24
0.44
0.22
0.69
0.0
0.0
0.0
0.68
1.28
0.77
0.75
0.9
0.0
0.75
0.5
0.49
0.07
0.02
0.07
0.01
0.0
0.0
0.0
0.01
0.0
0.0
0.0
0.0
0.03
1.38
0.58
0.61
0.88
1.28
1.33
1.49
1.67
1.72
0.02
0.66
0.76
0.97
1.0
0.48
0.26
0.0
0.0
0.0
0.55
0.68
0.5
0.38
0.0
0.55
0.39
0.87
0.06
0.03
0.0
0.0
0.0
0.0
0.01
0.0
0.0
0.02
0.0
0.0
0.02
0.01
0.0
0.03
0.35
0.49
0.53
0.77
1.48
0.01
0.01
0.72
1.27
0.13
1.27
0.67
0.93
0.0
0.0
0.37
0.86
1.23
0.75
0.0
0.0
0.36
0.07
0.57
0.82
0.17
0.04
0.0
0.0
0.01
0.05
0.0
0.03
0.6
0.51
0.0
0.0
0.0
0.0
0.0
0.0
0.01
0.01
0.0
0.0
0.0
0.0
0.08
0.01
0.36
0.89
0.14
0.0
0.0
0.0
0.71
0.51
0.46
0.75
0.0
0.0
0.03
0.21
1.49
1.5
0.3
0.0
0.0
0.06
0.0
0.0
0.0
0.06
1.49
1.09
0.0
0.0
0.05
0.0
0.0
0.0
0.0
0.0
0.0
0.0
0.01
0.0
0.05
0.32
1.58
0.78
0.0
0.0
0.0
0.0
0.51
0.49
0.27
0.0
0.0
0.0
0.03
0.09
0.75
0.92
0.01
0.0
0.0
0.02
0.0
0.0
0.1
0.89
1.21
0.0
0.0
0.0
0.96
0.33
0.02
0.01
0.03
0.62
0.18
0.07
0.16
1.12
0.23
0.82
0.0
0.0
0.0
0.0
0.0
0.0
0.0
0.1
0.0
0.0
0.0
0.0
0.0
0.7
1.09
0.05
0.0
0.0
0.01
0.0
0.0
0.02
1.53
0.9
1.02
0.13
0.0
0.0
1.3
1.29
1.72
1.9
0.48
0.84
0.56
0.85
0.64
0.21
0.0
0.0
0.0
0.0
0.0
0.0
0.0
0.0
0.0
0.0
0.0
0.0
0.09
0.0
0.31
1.32
0.0
0.0
0.0
0.0
0.0
0.0
0.0
0.66
1.09
1.13
2.21
0.04
0.0
0.0
0.62
1.27
0.56
1.26
0.78
1.6
0.52
2.11
0.97
0.0
0.0
0.0
0.0
0.0
0.0
0.0
0.0
0.0
0.0
0.0
0.0
0.0
0.0
0.0
0.41
0.0
0.0
0.0
0.0
0.0
0.0
0.0
0.01
0.81
0.84
0.35
1.17
0.7
0.0
0.0
1.22
1.55
0.98
0.98
1.31
1.36
0.99
0.81
0.0
0.0
0.0
0.0
0.0
0.0
0.0
0.0
0.0
0.0
0.0
0.0
0.0
0.0
0.0
0.0
0.33
0.0
0.0
0.0
0.0
0.0
0.0
0.03
0.26
1.74
1.09
0.85
1.0
0.76
0.0
0.04
0.38
0.23
0.77
0.91
1.05
0.3
0.0
0.0
0.0
0.0
0.0
0.0
0.0
0.0
0.0
0.0
0.0
0.0
0.0
0.0
0.0
0.0
0.0
0.0
0.0
0.0
0.0
0.0
0.0
0.0
0.0
0.56
1.37
1.17
0.53
1.2
0.52
0.77
0.0
0.01
0.0
0.0
0.03
0.9
0.68
0.0
0.0
0.0
0.0
0.0
0.0
0.0
0.0
0.0
0.0
0.0
0.0
0.0
0.0
0.0
0.0
0.0
0.0
0.0
0.0
0.0
0.0
0.0
0.0
0.0
0.33
0.37
0.7
0.54
0.58
0.38
1.03
1.12
0.04
0.0
0.0
0.0
0.07
0.71
0.73
0.0
0.0
0.0
0.0
0.0
0.0
0.0
0.0
0.0
0.0
0.0
0.0
0.0
0.0
0.0
0.0
0.0
0.0
0.0
0.0
0.0
0.0
0.0
0.0
0.02
0.0
0.66
0.98
1.07
0.44
0.58
1.3
1.05
0.01
0.0
0.0
0.0
0.03
1.3
0.0
0.0
0.0
0.0
0.0
0.0
0.0
0.0
0.0
0.0
0.0
0.0
0.0
0.0
0.0
0.0
0.0
0.0
0.0
0.72
0.0
0.0
0.0
0.0
0.0
0.02
0.54
1.51
1.08
1.05
1.11
0.77
1.28
1.07
0.15
0.03
0.0
0.0
0.66
0.82
0.0
0.0
0.0
0.0
0.0
0.0
0.0
0.0
0.0
0.0
0.0
0.0
0.0
0.0
0.0
0.0
0.0
0.0
0.0
0.65
0.0
0.0
0.02
0.0
0.0
0.49
0.2
1.02
0.97
0.52
0.76
1.08
0.79
1.34
0.01
0.01
0.0
0.01
0.5
0.69
0.46
0.72
0.0
0.0
0.0
0.0
0.0
0.0
0.0
0.0
0.0
0.0
0.0
0.0
0.0
0.0
0.2
0.0
0.6
1.5
0.0
0.0
0.0
0.0
0.02
0.53
0.37
0.63
0.96
0.43
0.67
1.09
0.87
0.87
0.01
0.05
0.0
0.06
0.46
0.41
0.75
1.23
0.0
0.0
0.0
0.0
0.0
0.0
0.0
0.0
0.0
0.5
0.47
1.52
0.0
0.0
0.81
1.33
0.96
1.15
0.0
0.0
0.0
0.0
0.0
0.45
1.32
1.01
0.0
0.0
1.09
1.25
0.57
0.42
0.02
0.0
0.2
1.1
0.42
0.63
0.77
0.99
0.0
0.0
0.0
0.0
0.0
0.0
0.0
0.0
0.0
0.0
0.29
0.78
0.77
0.96
0.91
1.06
1.33
0.81
0.0
0.0
0.0
0.0
0.0
0.72
0.78
0.36
0.51
0.37
1.14
0.85
1.07
0.59
0.34
0.81
1.14
0.67
0.0
0.66
1.49
1.07
0.0
0.0
0.0
0.0
0.0
0.0
0.0
0.0
0.0
0.0
0.0
1.15
0.23
0.68
1.01
0.89
0.0
1.06
0.0
0.0
0.0
0.0
0.0
0.44
0.45
1.6
1.1
0.7
1.37
0.86
0.38
1.53
0.77
0.35
0.7
1.47
0.0
0.0
0.0
0.38
0.84
0.0
0.0
0.0
0.0
0.0
0.0
0.0
0.0
0.0
0.0
0.0
0.0
0.0
0.69
0.39
0.37
1.56
0.0
0.0
0.0
0.0
0.02
0.53
1.25
1.16
1.03
1.02
0.94
0.5
0.98
0.46
0.0
0.0
0.0
0.0
0.0
0.0
0.0
0.0
0.0
0.0
0.0
0.0
0.0
0.0
0.0
0.0
0.0
0.0
0.0
0.0
0.0
0.13
0.25
0.77
0.56
2.1
0.0
0.0
0.0
0.0
0.0
0.13
0.57
1.21
1.33
1.69
0.66
0.84
1.59
0.0
0.0
0.0
0.0
0.0
0.0
0.0
0.0
0.0
0.0
0.0
0.0
0.0
0.0
0.0
0.0
0.0
0.0
0.0
0.0
0.27
0.79
0.66
1.32
1.45
1.59
0.3
0.0
0.02
0.0
0.0
0.0
0.01
0.66
1.18
0.93
0.7
0.46
0.78
0.0
0.0
0.0
0.0
0.0
0.0
0.0
0.0
0.0
0.0
0.0
0.0
0.0
0.0
0.0
0.0
0.0
0.0
0.0
0.32
0.86
0.43
0.36
0.81
0.04
0.06
0.0
0.0
0.0
0.0
0.0
0.0
0.0
0.02
0.94
1.06
0.55
0.11
0.56
0.67
0.0
0.0
0.0
0.0
0.0
0.0
0.0
0.0
0.0
0.0
0.0
0.0
0.0
0.0
0.0
0.0
0.0
0.0
0.0
0.24
0.77
1.02
0.76
1.23
0.57
0.0
0.02
0.0
0.0
0.02
0.0
0.0
0.0
0.01
0.07
0.1
0.04
0.03
0.4
0.52
0.49
0.0
0.0
0.0
0.0
0.0
0.0
0.0
0.06
0.0
0.0
0.0
0.0
0.0
0.0
0.0
0.0
0.0
0.0
0.0
0.0
0.0
0.68
0.4
0.85
0.82
0.04
0.01
0.5
0.02
0.0
0.0
0.0
0.0
0.0
0.06
0.58
0.29
0.54
0.24
0.87
0.28
0.55
0.0
0.0
0.0
0.0
0.0
0.0
0.15
0.81
0.56
0.0
0.0
0.0
0.0
0.0
0.0
0.0
0.0
0.0
0.0
0.69
1.58
0.42
0.01
0.01
0.03
0.77
0.02
0.0
0.0
0.0
0.0
0.0
0.07
0.74
0.06
1.47
1.19
0.9
0.36
0.64
0.0
0.0
0.66
0.16
0.0
0.0
0.0
0.83
0.0
0.0
0.0
0.0
0.0
0.0
0.0
0.0
0.11
0.6
0.43
0.48
0.65
0.11
0.02
0.06
1.08
0.85
0.29
0.01
0.02
0.0
0.0
0.0
0.02
0.37
0.02
0.0
0.01
0.07
0.02
0.48
0.0
0.71
0.23
0.19
0.0
0.0
0.0
0.61
0.0
0.0
0.0
0.0
0.0
0.0
0.0
0.0
0.0
0.32
1.2
0.35
0.03
0.01
0.01
1.31
0.74
0.58
0.22
0.1
0.06
0.01
0.0
0.0
0.0
0.0
0.0
0.03
0.46
0.42
1.3
1.01
0.68
0.98
0.81
0.39
0.0
0.0
0.0
0.46
0.71
0.0
0.0
0.0
0.0
0.0
0.0
0.73
0.83
0.71
0.82
0.03
0.03
0.0
0.52
1.71
0.33
0.94
0.76
0.62
0.6
0.02
0.0
0.0
0.0
0.0
0.01
1.17
0.96
0.95
0.65
0.42
1.67
0.43
0.75
0.0
0.0
0.0
0.24
0.74
0.47
0.0
0.28
0.0
0.0
0.37
0.31
0.66
1.17
0.4
0.06
0.11
0.03
0.73
1.71
0.9
0.43
1.18
1.12
1.18
1.0
0.65
0.02
0.0
0.0
0.01
0.02
0.01
0.57
1.06
0.0
1.47
1.57
0.54
0.0
0.0
0.0
0.0
0.69
0.94
0.35
0.0
0.35
0.0
0.0
0.87
1.21
0.29
0.38
0.09
0.08
0.0
0.7
0.71
1.25
0.78
0.42
0.67
1.18
0.79
0.66
0.85
0.0
0.0
0.03
0.01
0.0
0.0
0.01
0.3
0.8
0.0
0.0
0.0
0.0
1.14
0.97
0.0
0.41
0.86
0.59
0.91
1.01
0.0
0.0
0.85
0.2
0.85
0.01
0.0
0.03
0.37
1.2
1.02
0.68
0.0
0.0
1.35
0.63
0.46
1.07
0.01
0.01
0.0
0.97
1.03
0.6
0.0
0.0
0.0
0.62
0.49
0.85
0.0
0.46
0.68
0.65
0.51
0.6
0.95
0.74
1.34
0.49
0.0
0.37
0.47
1.0
0.13
0.03
0.05
0.49
0.75
0.57
0.68
1.24
0.53
0.0
1.27
1.44
1.16
0.01
0.17
0.0
0.04
0.92
0.54
0.44
0.31
0.02
0.0
0.29
0.53
0.66
0.96
0.92
0.98
0.0
0.47
0.36
0.43
0.73
1.35
0.0
0.61
0.99
0.47
0.76
0.01
0.0
0.52
1.15
0.89
0.45
0.73
0.36
0.3
0.0
0.97
0.4
0.04
0.57
0.28
0.0
0.08
1.37
0.62
0.95
1.8
0.07
0.03
0.02
0.23
1.53
0.72
1.15
0.79
0.4
0.74
0.64
0.53
1.48
0.39
1.11
0.26
1.72
0.45
0.04
0.01
0.25
0.18
1.49
0.51
0.31
1.04
1.59
0.41
0.0
1.37
0.43
1.5
1.32
0.01
0.0
0.44
0.45
0.0
0.33
0.78
0.71
0.11
0.01
0.06
0.06
0.04
0.06
1.16
0.71
0.56
0.57
1.28
0.59
0.0
0.81
0.92
0.78
0.01
0.03
0.21
1.02
0.99
0.69
0.65
0.26
0.0
0.0
0.0
0.0
0.84
0.6
1.49
0.82
0.03
0.04
0.46
1.64
0.49
0.0
0.0
0.51
0.76
1.38
1.14
1.55
0.89
0.34
0.22
0.44
0.96
0.49
1.07
0.61
0.58
1.09
0.85
0.83
0.02
0.0
1.1
0.82
0.68
0.0
0.0
0.0
0.0
0.0
0.0
0.0
1.15
0.63
1.22
0.0
0.0
0.08
0.39
0.45
1.22
0.53
0.0
0.0
0.0
0.0
0.44
0.9
0.59
0.71
1.38
0.44
1.05
1.06
0.75
0.92
0.98
0.82
0.57
0.02
0.05
0.56
1.36
1.52
0.22
0.76
0.0
0.0
0.0
0.0
0.0
0.0
0.31
0.4
1.08
0.07
0.71
1.34
1.16
0.77
0.98
1.03
0.26
0.0
0.0
0.0
0.61
0.25
0.36
0.71
0.0
0.63
0.29
0.4
1.01
0.96
1.11
0.01
0.06
0.14
1.02
1.08
1.32
0.61
0.69
0.66
0.73
0.0
0.0
0.0
0.0
0.0
0.48
0.54
0.67
0.08
1.17
0.63
0.36
0.6
0.81
0.95
0.31
0.0
0.0
0.0
0.0
0.0
0.0
0.0
0.0
0.0
0.0
1.01
0.19
0.79
0.41
0.09
0.01
0.87
1.04
1.05
1.08
1.55
1.03
0.36
0.35
0.0
0.35
0.0
0.0
0.0
0.0
0.3
0.33
0.02
0.89
0.7
0.0
0.73
0.7
0.07
1.03
0.0
0.0
0.0
0.0
0.0
0.0
0.0
0.0
0.0
0.69
0.78
1.35
1.2
0.64
0.49
0.28
1.24
0.52
0.58
0.38
0.62
0.85
0.72
0.61
1.56
0.0
0.0
0.0
0.0
0.0
1.01
0.25
0.25
1.16
0.31
0.0
0.0
0.0
0.0
0.0
0.0
0.0
0.0
0.0
0.0
0.0
0.0
0.0
0.45
0.34
0.95
0.73
0.69
0.54
0.4
0.73
0.8
0.83
0.0
0.0
0.35
0.65
0.27
0.0
0.13
0.0
0.0
0.0
0.0
0.35
1.04
0.98
0.76
0.84
0.97
0.0
0.0
0.0
0.0
0.0
0.0
0.0
0.0
0.0
0.0
0.0
0.0
0.0
0.0
0.0
0.71
0.08
0.0
0.79
0.32
0.66
1.27
0.75
0.13
0.0
0.78
0.57
0.22
0.0
0.0
0.0
0.0
0.0
0.0
0.37
0.46
0.57
1.1
0.54
0.53
0.68
0.0
0.0
0.0
0.0
0.0
0.0
0.0
0.0
0.0
0.0
0.0
0.0
0.0
0.0
0.36
0.4
0.0
0.0
0.0
0.73
0.48
1.09
0.68
0.0
0.3
0.25
0.83
0.33
0.0
0.0
0.0
0.0
0.0
0.71
0.6
0.0
0.44
0.49
1.31
0.26
0.0
0.0
0.0
0.24
0.53
0.0
0.0
0.0
0.0
0.0
0.0
0.0
0.0
1.01
0.78
0.0
0.0
0.0
0.36
0.55
0.75
0.68
0.64
0.57
0.36
1.69
0.99
0.3
0.0
0.0
0.0
0.0
0.0
0.0
0.0
0.0
0.76
0.96
0.54
0.51
0.0
0.0
0.0
0.47
0.96
1.03
0.0
0.0
0.0
0.0
0.0
0.0
0.33
0.6
0.75
0.0
0.39
0.0
0.0
0.0
1.05
0.98
0.31
0.72
1.18
0.64
0.27
0.0
0.0
0.0
0.0
0.0
0.0
0.0
0.74
0.5
0.89
0.59
0.0
0.0
0.0
0.0
0.0
0.0
1.54
1.38
0.41
0.29
1.05
0.0
0.0
0.57
0.64
1.55
0.55
0.48
0.93
0.31
0.0
0.0
0.53
0.0
0.0
0.34
0.71
0.77
0.15
0.49
0.0
0.0
0.0
0.0
0.0
0.0
0.94
1.02
1.56
0.5
0.35
0.0
0.0
0.0
0.0
0.0
0.84
0.29
1.29
0.64
0.0
0.0
0.48
0.27
0.7
1.36
0.85
0.75
0.93
0.0
0.0
0.0
0.0
0.0
0.95
1.23
0.52
0.82
0.92
0.95
0.0
0.31
0.0
0.0
0.0
0.0
1.14
0.48
0.64
0.0
0.0
0.0
0.52
0.02
0.54
0.0
0.0
1.11
1.29
1.42
0.0
0.0
0.51
0.87
0.79
1.05
0.69
1.02
0.82
0.0
0.0
0.0
0.0
0.22
2.06
0.47
0.63
1.68
0.55
0.0
0.0
0.16
0.0
0.0
0.0
