nan
nan
0.000819608
0.11480599999999999
0.7118310000000001
0.703484
0.7561199999999999
0.7852089999999999
0.7386879999999999
0.8344359999999998
0.856907
0.7849659999999998
0.479344
0.03539710000000001
nan
0.001
nan
0.0238737
0.0160072
0.289258
0.231648
0.0383774
0.00547579
nan
0.040816599999999995
0.8423900000000003
nan
nan
nan
0.5789359999999999
0.747566
0.8531820000000002
0.75251
0.7621770000000002
0.6989679999999999
0.037506899999999996
nan
nan
nan
nan
nan
nan
0.0103052
0.7513590000000001
0.7141859999999999
0.39983699999999983
0.8066929999999997
0.8244740000000003
0.8171249999999999
0.8361470000000002
0.8408060000000002
0.6433359999999999
0.0020873
0.013775
0.00367063
0.00356389
0.00266667
nan
nan
nan
0.00306111
nan
nan
0.0210282
0.8368369999999998
0.4849729999999998
nan
nan
nan
0.603356
0.7472380000000001
0.8353979999999999
0.7137650000000001
0.716233
0.35037700000000005
0.15740000000000004
0.00471429
nan
nan
0.0113
nan
nan
nan
0.24712900000000004
0.756132
0.377407
0.739894
0.761206
0.789041
0.8065160000000001
0.8164840000000001
0.834574
0.2346460000000001
0.6956050000000003
0.7523220000000002
0.312353
0.00523095
nan
nan
nan
nan
nan
nan
0.22460699999999986
0.763704
0.4013339999999999
nan
nan
0.475332
0.5305099999999998
0.5144210000000002
0.8454049999999997
0.8887809999999999
0.607354
0.18242000000000003
0.0447456
nan
0.00466667
nan
0.007875
nan
nan
nan
nan
nan
nan
0.0064619
0.3728419999999999
0.79795
0.612075
0.779082
0.579434
0.6608850000000001
0.764765
0.844671
0.7091529999999999
0.04702629999999999
0.00170278
0.050292100000000006
0.726464
0.353242
0.0121381
0.026886100000000007
0.0420458
0.8501119999999999
0.8482520000000003
nan
0.448211
0.5177850000000002
0.8863000000000001
0.5772019999999999
0.6176549999999998
0.8405590000000001
0.8520849999999999
0.600677
0.3285
0.007400399999999999
nan
0.0112444
nan
0.03617859999999999
nan
nan
nan
0.3018670000000001
0.7878170000000001
0.813985
0.8470199999999999
0.8402119999999998
0.8630610000000001
0.8187529999999998
0.8422370000000001
0.8570409999999998
0.8367449999999999
0.8805009999999998
0.8417410000000003
0.26925199999999994
0.0211841
0.7330170000000001
0.8480249999999999
0.47762
0.0283175
0.2652070000000001
0.7057649999999998
0.840224
nan
nan
0.41014900000000004
0.6908300000000002
0.729598
0.7712019999999999
0.758426
0.773699
0.20052899999999999
0.047954800000000006
0.0164639
0.015998000000000002
0.005
nan
nan
nan
nan
0.00351667
0.05270160000000001
0.686243
0.8276000000000001
0.80985
0.819066
0.5642610000000001
0.614627
0.5537739999999998
0.590866
0.6994830000000002
0.17550900000000003
0.208135
0.0546668
0.0034381
0.5111790000000002
0.8354040000000003
0.849953
0.620461
0.5053470000000001
0.8256829999999998
0.560584
0.4259130000000001
nan
nan
0.405977
0.7984720000000002
0.891869
0.8973189999999996
0.6666429999999999
0.610461
0.15982699999999997
0.00727897
nan
nan
nan
nan
nan
0.00259365
nan
5.08772e-05
0.276729
0.7295939999999999
0.843238
0.839067
0.8101950000000002
0.841346
0.5667369999999999
0.4784259999999999
0.8746563612565446
0.698826
0.7036509999999999
0.6246330000000002
0.276469
0.6166249999999999
0.7849500000000001
0.6460319999999999
0.7680210000000002
0.7327890000000001
0.8500780000000001
0.49119699999999994
nan
nan
0.6231999999999999
0.8433589999999999
0.597948
0.7889
0.618653
0.441872
0.529958
0.2858860000000001
0.0270937
0.03364880000000001
nan
nan
nan
nan
nan
nan
nan
nan
0.0236163
0.71969
0.8166049999999999
0.722471
0.754558
0.8476839999999997
0.8848700000000003
0.8330870000000001
0.8556070000000001
0.5889449999999998
0.5443270000000001
0.5570050000000002
0.817108
0.881354
0.5676959999999998
0.593109
0.6480059999999999
0.516019
nan
nan
nan
nan
0.4430040000000001
0.6258369999999999
0.901055
0.696878
0.5712640000000001
0.169109
0.0340024
0.0196218
0.00521508
nan
nan
nan
nan
nan
nan
0.00707587
nan
0.00172614
0.00897262
0.611402
0.721768
0.18513700000000008
0.0291603
0.30564800000000003
0.7259680000000001
0.6410869999999999
0.878239
0.568614
0.8241519999999999
0.620963
0.6131320000000001
0.626373
0.728475
0.781368
0.8833390000000003
0.4810390000000001
nan
nan
nan
nan
0.418244
0.44966200000000006
0.64851
0.366515
0.025351999999999996
0.024619
0.0113425
nan
nan
nan
nan
nan
nan
nan
nan
nan
nan
0.00463413
0.12671000000000002
0.29858399999999996
0.3243670000000001
0.0161028
0.013529
0.00748532
0.0343143
0.6844359999999999
0.8750569999999999
0.5208240000000001
0.772614
0.7370169999999999
0.1737
0.0109972
0.2659419999999999
0.76755
0.7972039999999999
0.44670400000000005
0.6180549999999999
0.555524
nan
nan
0.5570240000000001
nan
0.6518379999999999
0.5638560000000001
0.0316524
0.0163317
nan
nan
nan
nan
nan
nan
nan
nan
nan
nan
nan
0.0106484
0.0106853
0.2167810000000001
nan
nan
0.00650397
0.0471317
0.534334
0.8889169999999998
0.8458070000000001
0.684838
0.5918289999999999
0.8763579999999999
0.11852500000000002
0.18516899999999997
0.8900280000000003
0.825713
0.4462630000000001
0.5923480000000001
0.8908530000000001
0.8368590000000004
nan
0.5068669999999998
0.7886629999999999
nan
0.410281
0.6330700000000001
0.20698099999999994
nan
nan
nan
nan
nan
nan
nan
nan
0.0163566
0.399184
nan
nan
nan
0.0132805
0.06534170000000002
nan
0.033202
0.6347880000000001
0.775397
0.7846770000000002
0.8086939999999999
0.620281
0.7216769999999999
0.6181929999999999
0.23479999999999993
0.033788099999999995
0.19085599999999997
0.8919420000000001
0.6477769999999999
0.46380800000000016
0.7989219999999999
0.590542
0.717834
nan
0.6171829999999999
0.827039
0.8974700000000001
0.41553000000000007
0.8234580000000002
0.5785070000000001
nan
nan
nan
nan
nan
nan
nan
nan
nan
nan
nan
nan
nan
nan
nan
0.00753294
0.28741199999999995
0.699052
0.685866
0.6008149999999999
0.8896180000000002
0.7888000000000001
0.799885
0.6233919999999997
0.0185421
0.035334500000000005
0.6123589999999999
0.839927
0.41930600000000007
0.5945320000000001
0.7492339999999998
0.5373789999999999
0.7106310000000003
nan
nan
0.668896
0.8272390000000001
0.47339199999999987
0.53655
0.167673
0.05922433333333332
nan
nan
nan
nan
nan
nan
nan
nan
nan
nan
nan
nan
nan
nan
0.0144714
0.311813
0.591104
0.22905500000000004
0.637935
0.8272839999999998
0.8191769999999999
0.6349099999999999
0.00683016
0.00280833
0.3908119999999999
0.7673349999999999
0.5926320000000002
0.42334700000000003
0.6693030000000001
0.5571440000000001
0.19686000000000003
0.7512059999999999
nan
nan
nan
0.6899049999999999
0.524302
0.20429800000000004
0.0198519
nan
nan
nan
nan
nan
nan
nan
0.0379153
nan
0.610415
0.00288571
nan
nan
0.0463595
nan
nan
0.03494010000000001
0.22888699999999998
0.20595699999999995
0.6302670000000001
0.869103
0.41523799999999994
0.21523799999999996
0.00603968
nan
0.3639990000000001
0.692671
0.693512
0.8218479999999999
0.6397159999999998
0.532851
0.18864800000000004
0.8044549999999999
nan
nan
nan
nan
0.686262
0.521446
0.0219627
0.0021
nan
nan
0.03581940000000001
nan
nan
nan
nan
nan
nan
nan
nan
0.00471429
nan
nan
nan
nan
0.0227933
0.19516999999999998
0.3725510000000001
0.6335769999999998
0.06324029999999999
nan
nan
0.00245833
0.0188238
0.21878000000000003
0.5857359999999999
0.8931730000000003
0.6434259999999999
0.5319520000000002
0.14809000000000003
0.764005
nan
nan
nan
nan
0.43537900000000007
0.7749500000000002
0.5045890000000002
0.018077000000000003
nan
nan
nan
nan
nan
nan
nan
nan
nan
nan
nan
nan
nan
nan
0.001
nan
nan
0.0428158
0.054532099999999986
0.0196806
nan
nan
0.03146329999999999
0.373176
0.6159020000000001
0.6003369999999999
0.812723
0.684191
0.7948810000000001
0.573638
0.27392600000000006
0.5099
0.7700549999999999
nan
nan
nan
0.40971199999999997
0.8065149999999999
0.7595650000000002
0.10032499999999998
nan
0.00333452
nan
nan
nan
nan
nan
nan
nan
0.048315099999999986
0.09255320000000002
nan
0.00170079
nan
0.00479444
nan
nan
nan
nan
nan
nan
0.22873899999999997
0.288327
0.5855130000000001
0.692736
0.6337510000000002
0.4250150000000001
0.46922300000000006
nan
0.64079
0.836378
0.5786689999999999
0.398564
nan
0.42815400000000003
0.7583200000000001
0.7524330000000001
0.7293740000000001
0.45129500000000006
0.09509070000000001
nan
nan
nan
nan
nan
nan
0.033017899999999996
nan
nan
0.25417
0.24442399999999997
0.0585317
nan
nan
nan
nan
0.001
nan
nan
0.019687600000000003
0.20358700000000005
0.772068
0.7913350000000001
0.43864199999999987
0.45754199999999995
nan
nan
0.412615
0.703169
0.6732219999999999
0.6522859999999999
0.7966129999999998
0.39956399999999986
0.7029449999999999
0.6723739999999998
0.5503690000000001
0.40903999999999985
0.327087
0.04945
0.001625
nan
nan
nan
nan
nan
0.002
0.016365899999999996
0.199022
0.302824
0.6886710000000001
0.5544760000000001
0.227144
0.03547
nan
nan
nan
nan
0.0257024
nan
0.0429341
0.23788399999999998
0.5460060000000001
0.819783
0.8163979999999997
0.41586000000000006
0.524915
0.4005409999999999
nan
0.39968400000000004
0.7685839999999998
0.033671
0.0143548
0.8309439999999999
0.532054
0.267328
0.0146333
0.00535714
nan
nan
nan
nan
nan
nan
nan
0.00194643
nan
nan
nan
0.00500794
0.8314149999999999
0.8913620000000002
0.584987
0.300522
0.22071000000000002
nan
nan
0.00104444
nan
nan
nan
nan
0.101479
0.2897980000000001
0.757808
0.754411
0.686693
0.860011
0.6850629999999999
0.532717
0.43800699999999987
0.29634
0.0081369
0.295897
0.0441139
0.004125
nan
0.00310397
0.00179167
nan
nan
0.001
0.000946429
nan
0.000946429
nan
nan
nan
nan
nan
0.31831199999999993
0.5443800000000001
0.263767
0.10579499999999996
0.22552499999999995
0.00155357
nan
nan
nan
nan
nan
nan
0.00134722
0.285637
0.761106
0.7667419999999999
0.25684800000000013
0.280392
0.7430319999999999
0.8082279999999998
0.7674659999999999
0.573169
nan
nan
nan
nan
0.0075619
0.27817899999999995
0.2763900000000001
0.006625
0.0474151
0.000946429
nan
nan
nan
nan
nan
0.00217143
0.000946429
0.000946429
0.00160238
0.0279623
0.00158611
0.0022250000000000004
nan
nan
nan
nan
nan
nan
nan
nan
0.08113610000000003
0.6314849999999999
0.7780870000000001
0.51013
0.037561500000000005
0.250591
0.745271
0.428498
0.2783630000000001
0.027563500000000005
nan
nan
0.00722262
0.23344800000000004
0.4279510000000001
0.7482040000000001
0.5309689999999999
0.0150369
0.000946429
nan
nan
0.00217143
0.025394399999999998
0.0159099
0.0264671
nan
nan
nan
nan
nan
nan
0.003
nan
nan
nan
nan
nan
nan
nan
nan
nan
0.22747100000000003
0.35044800000000004
0.053949599999999986
0.0165778
0.0746933
0.6384369999999998
0.5207869999999999
0.03297299999999999
0.00407692
nan
0.29080799999999996
0.7565039999999998
0.6912909999999998
0.6903680000000001
0.743265
0.2516840000000001
0.0345194
0.000946429
nan
nan
nan
0.2625470000000001
0.28498099999999993
0.0200488
0.000570159
nan
nan
nan
nan
nan
nan
nan
nan
nan
nan
nan
nan
nan
0.0466008
nan
0.00409127
nan
0.020986100000000004
nan
nan
0.021370200000000002
0.002375
nan
0.001
0.326356
0.516191
0.43889900000000004
0.680683
0.7316970000000002
0.48043599999999986
0.00236905
0.00254643
0.00214643
0.00314643
nan
0.0415397
0.491705
0.5087390000000002
0.2738909999999999
0.03279320000000001
0.00389683
0.00161429
nan
nan
nan
nan
nan
nan
nan
nan
nan
nan
nan
nan
nan
nan
0.00170079
nan
nan
0.04745950000000001
nan
nan
0.18130000000000004
0.390181
0.655365
0.6375019999999999
0.7310990000000002
0.6259740000000001
0.5597760000000003
0.035679800000000005
nan
nan
0.00314643
nan
nan
0.023178199999999996
0.5879979999999998
0.447694
0.5356209999999999
0.27452800000000005
0.20041999999999996
0.0200857
nan
nan
nan
nan
nan
nan
nan
nan
nan
nan
nan
nan
nan
nan
nan
nan
0.00878333
0.0462722
0.11973799999999998
0.28667000000000004
0.24801899999999993
0.2951459999999999
0.4389409999999999
0.48870200000000014
0.48430399999999996
0.5207319999999999
0.162663
nan
nan
nan
nan
0.00167143
nan
0.198377
0.5892780000000001
0.5937289999999998
0.5364500000000001
0.6969529999999999
0.5735450000000002
0.31577400000000005
nan
nan
nan
nan
nan
nan
nan
0.001
nan
nan
nan
nan
0.0002
nan
nan
0.0172802
0.027487699999999997
0.0457294
0.0712433
0.025632900000000007
0.00406905
0.0035357099999999996
0.26883700000000005
0.289204
0.15993699999999994
0.00322262
0.000271429
nan
0.00314643
0.00314643
nan
0.00371032
0.28747399999999995
0.5640289999999999
0.575011
0.583113
0.540648
0.7130479999999999
0.788933
0.5957879999999999
nan
nan
nan
nan
nan
0.001
nan
nan
nan
nan
nan
nan
0.00124444
nan
nan
nan
0.0807563
nan
nan
nan
nan
nan
0.02503680000000001
0.00125
0.028398799999999988
nan
nan
nan
0.0212778
0.00314643
0.000671429
0.044267900000000006
0.0379528
0.178445
0.47268870625000003
0.30045700000000003
0.5412650000000001
0.5390430000000002
0.5643939999999997
0.6699710000000001
nan
nan
nan
nan
nan
0.24990900000000005
0.0450988
nan
nan
nan
nan
nan
nan
0.0193758
nan
nan
0.0128849
nan
nan
nan
nan
nan
0.000671429
nan
0.0012
0.0153313
0.0193313
0.0182778
0.0162778
0.016277800000000002
0.00342507
nan
nan
nan
0.001
0.034619399999999995
0.018563500000000004
0.27935499999999996
0.5423299999999998
0.58812
nan
nan
nan
nan
nan
0.19521199999999994
0.54289
0.6527510000000001
0.00191111
nan
nan
nan
nan
0.0193758
0.0153758
0.0871258
nan
0.0153758
0.0153758
0.015375800000000002
0.0153758
0.015331300000000003
0.0193313
0.0193313
0.029081299999999994
0.00314643
0.00114643
nan
0.00527706
0.00727983
0.00527706
0.00527706
0.0126921
nan
nan
0.0403528
0.00586289
0.00256905
0.178388
0.26852499999999996
nan
nan
nan
nan
nan
nan
0.7144950000000002
0.778847
0.1786439999999999
0.0076004
nan
0.0184151
nan
nan
0.0193758
0.0153758
0.0153758
0.0153758
0.015375799999999998
0.0153758
0.0153758
0.015331300000000003
0.0153313
0.0193313
0.0012
nan
nan
0.00827983
nan
nan
0.00587706
nan
0.06136729999999997
0.07409679999999999
0.0626631
0.0453325
0.03765990000000001
0.05394500000000001
0.037735300000000006
0.0643083
nan
nan
nan
nan
nan
nan
0.6776299999999998
0.693635
0.655274
0.6188510000000002
0.16835599999999992
0.0027368300000000004
0.00153333
nan
0.0153758
0.0153758
0.0153758
0.0153758
nan
0.0291258
nan
nan
nan
0.00154643
0.00865483
0.0119941
0.06447739999999999
nan
0.30180299999999993
0.00356905
0.00327821
0.00327821
0.0472373
0.25520800000000005
0.572915
0.5663140000000001
0.2514370000000001
0.042566300000000015
0.072948
0.05405440000000001
nan
nan
nan
nan
nan
0.7344640000000001
0.673539
0.6117440000000001
0.5141970000000002
0.5098459999999999
0.599846
0.161202
nan
0.0140563
nan
0.0145702
nan
nan
nan
nan
nan
nan
nan
nan
nan
0.001
0.09587539999999999
0.3884990000000002
0.2865870000000001
0.039122000000000004
0.00527706
nan
0.0379359
0.28168499999999996
0.6092899999999999
0.6973459999999999
0.5453770000000002
0.5095049999999999
0.580429
0.549753
nan
nan
nan
nan
nan
0.657458
0.683541
0.572375
0.5011849999999999
0.5470079999999999
0.6748719999999999
0.49749299999999996
0.21901400000000007
0.0298111
0.0169941
0.0193758
nan
nan
nan
0.001
0.00576071
0.138214
0.151949
0.0827087
nan
0.21204400000000007
0.5187290000000002
0.5689609999999999
0.16012800000000005
0.0465181
0.00687797
0.00327821
0.0437752
0.24475000000000002
0.6388920000000001
0.46450399999999986
0.7176249999999998
0.588057
0.63978
0.652349
nan
nan
nan
nan
nan
0.7461489999999998
0.7681259999999999
0.4682700000000001
0.333208
0.621964
0.5661649999999998
0.45095599999999986
0.037665799999999985
0.0032
0.0119941
nan
nan
nan
nan
0.0194222
0.0368887
0.00775595
0.32122999999999996
0.5497909999999999
0.4089869999999999
0.610112
0.552644
0.586532
0.12604300000000002
0.04137610000000001
0.00949812
0.0144204
0.00573224
0.0451694
0.32705900000000004
0.6225750000000001
0.44894200000000006
0.729227
0.5528560000000001
0.5451100000000002
nan
nan
nan
nan
nan
nan
0.6973219999999999
0.3585280000000001
0.10652600000000001
0.287423
0.31084400000000006
0.037275
0.0054881
0.0489354
0.0290813
nan
0.00587706
nan
0.0975053
0.0376387
0.00718452
0.03639379999999999
0.051399900000000005
0.143599
0.273034
0.5616099999999999
0.550051
0.5839439999999999
0.42263599999999985
0.14065599999999998
0.027477
0.00152629
nan
0.0397016
0.127776
0.27333700000000005
0.63556
0.6780340000000001
0.5662029999999999
0.61114
nan
nan
nan
nan
nan
0.8001640000000001
0.7997660000000001
0.4847249999999999
0.00932817
0.0097881
0.00619167
nan
0.00436317
0.00527706
0.014525800000000002
nan
0.0194222
0.0113758
0.121248
0.11158799999999998
0.171823
0.25819800000000004
0.12256999999999998
0.16012500000000005
0.49103299999999994
0.633356
0.729024
0.442722
0.44571900000000003
0.07561699999999998
0.00409643
0.023682900000000003
0.00161071
0.13073
0.5252190000000001
0.683892
0.7262869999999999
0.644375
0.6671500000000004
0.6938620000000001
nan
nan
nan
nan
nan
0.6813269999999999
0.5759329999999999
0.29029
0.04256900000000001
0.00591111
0.004925
0.0147104
0.00527706
nan
0.0145258
0.0153313
0.00177955
nan
0.27471
0.27816900000000006
0.26895100000000005
0.48236400000000007
0.680412
0.6428159999999998
0.5481910000000001
0.533679
0.4959879999999999
0.7057889999999999
0.638557
0.098852
0.03199960000000001
0.0034504
0.0288544
0.220581
0.58679
0.752053
0.517581
0.5999860000000001
0.57925
0.40911
nan
nan
nan
nan
nan
0.662842
0.5109229999999999
0.28495099999999995
0.231296
0.0111496
nan
0.00286944
0.05570180000000001
0.00597067
nan
0.031027800000000008
0.0398518
0.208271
0.146954
0.13766500000000004
0.0371777
0.0352547
0.10386100000000002
0.33993999999999996
0.4929500000000001
0.6097549999999998
0.6252240000000001
0.5512439999999997
0.6621350000000003
0.0725737
0.0472829
0.00256667
0.0327151
0.37109500000000006
0.5828350000000001
0.543933
0.5799579999999999
0.397525
0.6149259999999998
0.764717
nan
nan
nan
nan
nan
nan
0.6489270000000003
0.5083250000000001
0.12994000000000003
0.21939999999999996
0.28653699999999993
0.18997500000000003
0.0244651
0.00644344
0.00977706
0.0162778
0.0110149
0.11279800000000002
0.0874293
0.0360472
0.00277738
0.00733849
0.03646739999999999
0.13707099999999997
0.13889099999999993
0.22067200000000003
0.6085640000000001
0.6228350000000001
0.638548
0.22908199999999984
0.11864800000000005
0.0212989
0.050627699999999984
0.6540869999999999
0.6124799999999999
0.5921269999999998
0.290279
0.27194900000000005
0.617418
0.521334
nan
nan
nan
nan
nan
nan
0.56088
0.562887
0.287858
0.5255770000000001
0.5099520000000001
0.7511500000000001
0.183696
0.04251
0.0979465
0.0230536
0.00977706
0.00436955
nan
0.0144204
nan
0.0428655
nan
0.0272671
0.0394444
0.4075449999999998
0.5587289999999998
0.5481439999999999
0.626725
0.23749300000000004
0.19851299999999997
0.05136070000000001
0.127854
0.3880290000000001
0.567678
0.29625599999999996
0.14017900000000003
0.0903135
0.21619600000000003
0.5937059999999998
nan
nan
nan
nan
nan
nan
nan
0.745863
0.510979
0.566885
0.5606629999999999
0.33418400000000004
0.0522015
0.00692669
0.0107707
0.010770699999999998
0.0216767
0.0216767
0.0216767
0.0282651
0.00265129
0.0198861
0.104696
0.11941999999999998
0.20345599999999997
0.658929
0.5407289999999999
0.531213
0.6004799999999999
0.342756
0.138916
0.08961670000000001
0.0591206
0.10157799999999999
0.133001
0.12079799999999999
0.10306299999999996
0.5290710000000001
0.4191729999999999
0.6079330000000001
nan
nan
nan
nan
nan
nan
0.5469179999999998
0.7405639999999999
0.5111309999999998
0.492896
0.24529099999999995
0.0351768
nan
0.00365129
nan
0.0034504
nan
0.030403799999999998
0.03642879999999999
0.0245453
0.0718121
nan
0.102771
0.41213900000000003
0.5280610000000001
0.5923889999999999
0.5789619999999998
0.41879199999999994
0.547935
0.6102259999999999
0.40411199999999997
0.09634920000000002
0.071615
0.06833730000000002
0.1151
0.23760199999999992
0.6496459999999998
0.503513
0.60288
0.759575
nan
nan
nan
nan
nan
nan
nan
0.629444
0.4369370000000001
0.6434059999999999
0.25565099999999996
0.0557631
0.0323058
nan
0.00152629
0.026191699999999995
0.0246944
0.00398611
nan
nan
0.0646692
0.000285714
0.0621492
0.124739
0.4159059999999999
0.6348780000000002
0.6157209999999999
0.6236289999999999
0.638794
0.4056730000000001
0.6392920000000001
0.15271300000000004
0.152916
0.233822
0.42224600000000007
0.6134959999999998
0.47864799999999996
0.7349789999999998
nan
0.5416879999999998
nan
nan
nan
nan
nan
nan
nan
0.572118
0.575724
0.5093030000000002
0.4398849999999999
0.05552929999999998
0.00322659
0.00365129
0.033144400000000004
0.17234700000000003
0.05906150000000002
0.09769689999999998
0.146737
0.0938925
0.0034583300000000003
nan
0.00588044
0.04161510000000001
0.11594
0.418429
0.5583030000000001
0.41187099999999993
0.410337
0.4797779999999999
0.195603
0.23039100000000007
0.399826
0.609077
0.461848
0.479323
nan
0.5692609999999999
0.534796
0.7307059999999997
nan
nan
nan
nan
nan
nan
nan
0.7772970000000002
0.5097829999999999
0.31599099999999997
0.0561805
0.0279258
0.0205329
nan
0.0198861
0.13974999999999999
0.24093300000000004
0.15031
0.19306899999999994
0.0742433
nan
0.0146513
0.016574200000000004
0.0644238
0.224903
0.36324700000000004
0.429644
0.6169270000000001
0.6139910000000002
0.6137370000000001
0.6126370000000003
0.6402039999999998
0.3851870000000001
0.6385249999999999
0.746657
0.5419059999999999
0.541906
0.7185189999999999
0.47697600000000007
0.453769
nan
nan
nan
nan
nan
nan
nan
0.776916
0.7696069999999999
0.25884699999999994
0.13634400000000002
0.024870600000000003
0.20343400000000006
0.031212299999999988
0.0264067
0.228851
0.7633320000000003
0.5603829999999999
0.145416
0.07134399999999999
nan
0.013911700000000003
0.0230764
0.17379300000000003
0.2684099999999999
0.5943120000000002
0.46165799999999996
0.44780499999999984
0.6818580000000001
0.44981700000000013
0.71603
0.44106199999999995
0.3824839999999999
0.6692979999999997
0.7238100000000001
0.650351
0.5983799999999999
0.5337630000000002
0.6132910000000001
0.3924340000000001
nan
nan
nan
nan
nan
nan
nan
0.48721599999999987
0.4961490000000001
0.7545039999999998
0.38896700000000006
0.25207299999999994
0.31248500000000007
0.07908929999999997
0.0639544
0.14613100000000004
0.4597389999999999
0.24391800000000002
0.142298
0.049889300000000004
0.00196102
0.005455559999999999
0.00411349
0.08454639999999997
0.2765489999999999
0.5112040000000001
0.5387500000000001
0.438802
0.5200569999999998
0.757108
0.7393
0.44371499999999997
0.6198129999999998
0.7277389999999999
0.661806
0.7190190000000002
0.49359999999999987
0.594105
0.24673500000000004
0.17655899999999994
nan
nan
nan
nan
nan
nan
nan
nan
0.667454
0.611638
0.680496
0.6307189999999999
0.5146069999999998
0.25690699999999983
0.25488400000000005
0.132812
0.11230100000000003
0.051909899999999995
0.0188992
0.05464800000000001
0.0332456
0.00746587
0.00985794
0.0663023
0.18458399999999997
0.2564000000000001
0.47933800000000004
0.590801
0.5296849999999999
0.549148
0.5696719999999997
0.7218590000000001
0.5953420000000003
0.596873
0.6366609999999999
0.5641119999999996
0.38150699999999993
0.23702200000000004
0.126961
0.122789
nan
nan
nan
nan
nan
nan
nan
nan
0.7023960000000001
0.6018090000000003
0.4929410000000001
0.7309020000000002
0.5683069999999999
0.49050200000000005
0.29658400000000024
0.0606738
0.0753504
0.16789100000000012
0.17811599999999994
0.25272199999999995
0.05966269999999999
0.011357900000000002
0.00986587
0.0163321
0.0679468
0.125153
0.4232179999999998
0.5151649999999999
0.7309780000000002
0.534796
nan
0.5511179999999999
0.7258870000000001
0.598918
0.45171600000000006
0.28514999999999996
0.08808570000000003
0.15061199999999997
0.0869841
0.32956900000000006
nan
nan
nan
nan
nan
nan
nan
nan
nan
0.6334489999999999
0.688842
0.5833269999999999
0.5212820000000001
0.7077769999999999
0.209789
0.2150539999999999
0.34778399999999987
0.536829
0.5348599999999998
0.7235620000000001
0.22185200000000002
0.016293599999999995
nan
0.00524369
0.051682500000000006
0.17466200000000012
0.41469000000000017
0.615633
0.720007
0.7287169999999998
0.717769
0.7352749999999999
0.4587769999999998
0.48915000000000014
0.23835000000000003
0.17356200000000002
0.11324500000000001
0.253657
0.23318799999999992
0.6366379999999999
nan
nan
nan
nan
nan
nan
nan
nan
nan
0.676578
0.533996
0.38224800000000003
0.8183829999999997
0.26047300000000007
0.10809999999999999
0.273717
0.5220070000000001
0.48905400000000004
0.45497300000000007
0.49235299999999993
0.5188259999999999
0.14302999999999993
0.029623
0.08070709999999998
0.00363486
0.07067850000000003
0.6722979999999997
0.5773689999999999
0.48602200000000007
0.6281480000000002
0.4652950000000001
0.6515100000000001
0.28777499999999995
0.30960099999999996
0.22341599999999998
0.209487
0.5486690000000001
0.367629
0.270486
0.22179699999999994
nan
nan
nan
nan
nan
nan
nan
nan
nan
0.5824439999999999
0.631176
0.78526
0.367926
0.38573400000000013
0.586767
0.36108999999999986
0.396528
0.44897000000000004
0.7342750000000001
0.693528
0.46304099999999987
0.6321099999999998
0.159439
0.00962097
nan
0.0726109
0.23470500000000005
0.598067
0.6803849999999999
0.21727900000000003
0.207933
0.2576
0.15800799999999998
0.174594
0.12635299999999997
0.6562689999999999
0.588775
0.509528
0.5748160000000001
0.3912300000000001
nan
nan
nan
nan
nan
nan
nan
nan
nan
0.687049
0.527476
0.7643889999999999
0.595266
0.8056789999999998
0.6227390000000002
0.6275630000000001
0.718495
0.687162
0.5333319999999999
0.5583260000000001
0.6601230000000001
0.529414
0.2923599999999999
0.07218809999999999
nan
0.029734099999999996
0.0851881
0.3492799999999999
0.3941299999999999
0.23687899999999995
0.160902
0.17209599999999997
0.24769399999999997
0.17858099999999993
0.159557
0.428519
0.6746870000000004
0.549061
0.6693990000000002
0.583669
nan
nan
nan
nan
nan
nan
nan
nan
nan
0.641712
0.7000510000000001
0.7478800000000002
0.4366750000000001
0.5180670000000003
0.708485
0.7152010000000001
0.749658
0.6973990000000001
0.5410399999999997
nan
0.7109980000000001
0.4791290000000001
0.7893910000000002
0.11625400000000002
0.0112865
0.021600399999999995
0.049411300000000005
0.22416000000000005
0.194166
0.15093300000000004
0.24111500000000008
0.330468
0.5627539999999999
0.24514200000000003
0.453417
0.28926299999999994
0.375876
0.4915269999999999
0.695201
0.716393
nan
nan
nan
nan
nan
nan
nan
nan
nan
nan
nan
0.7147849999999999
0.691509
0.5873119999999998
nan
nan
nan
nan
0.5491479999999999
0.7239559999999999
0.45411
0.7457320000000003
0.29131099999999993
0.13118399999999997
0.049670799999999994
0.010749
0.0200073
0.0518323
0.19561599999999996
0.287277
0.434086
0.5486719999999998
0.6509359999999998
0.300692
0.49252700000000005
0.677573
0.19997700000000007
0.19410600000000006
0.5907840000000001
0.507346
nan
nan
nan
nan
nan
nan
nan
nan
nan
nan
nan
nan
nan
nan
nan
nan
nan
nan
nan
0.6191560000000002
0.7157370000000002
0.24249000000000007
0.2880560000000001
0.49892700000000006
0.257168
0.08059310000000003
0.0403323
0.0687498
0.26904599999999995
0.4985239999999999
0.21497400000000003
0.5316200000000001
0.6172329999999999
0.202271
0.6198009999999999
0.6885390000000002
0.5189120000000002
0.49135300000000004
0.4158279999999999
0.6626390000000001
nan
nan
nan
nan
nan
nan
nan
nan
nan
nan
nan
nan
nan
nan
nan
nan
nan
nan
nan
0.739801
0.5591039999999998
0.30169699999999994
0.6398300000000001
0.6099499999999997
0.552464
0.22956599999999996
0.07662989999999997
0.09113789999999998
0.2120529999999999
0.4667159999999999
0.433354
0.5907590000000001
0.5612320000000003
0.503804
0.394523
0.45636700000000013
0.6391440000000002
0.7337800000000001
0.6273859999999999
0.3766360000000001
nan
nan
nan
nan
nan
nan
nan
nan
nan
nan
nan
nan
nan
nan
nan
nan
nan
nan
nan
nan
0.506586
0.7156869999999999
0.5924110000000001
0.572675
0.7463929999999999
0.7341730000000001
0.10277400000000002
0.07254959999999998
0.230591
0.6855919999999999
0.7167459999999998
0.5674739999999997
0.6460070000000001
0.7483160000000001
0.592423
0.34749
0.612158
0.63936
nan
0.6752929999999999
