nan
nan
nan
nan
nan
nan
nan
nan
nan
nan
nan
nan
nan
nan
nan
nan
nan
nan
nan
nan
nan
0.0393028
0.7021769999999999
0.96955
0.8758890000000003
0.891473
0.9439979999999998
0.9817280000000003
0.878535
0.841319
0.532972
0.946218
0.7867160000000001
0.522957
0.490533
0.62455
0.5992620000000002
0.48964600000000025
nan
nan
nan
nan
nan
nan
nan
nan
nan
nan
nan
nan
nan
nan
nan
nan
nan
nan
nan
0.0121403
0.0182372
nan
nan
nan
nan
0.6596289999999999
0.98473
0.8800579999999998
0.8829160000000003
0.873098
0.592946
0.7619430000000003
0.373932
0.9142589999999999
nan
nan
0.6160199999999999
0.9933949999999999
0.9155890000000001
0.8172310000000004
0.5502480000000003
0.519207
0.0491029
nan
0.000733523
nan
nan
nan
nan
0.008999
nan
nan
nan
nan
nan
nan
nan
nan
nan
0.768692
0.8068459999999996
0.00917266
nan
nan
nan
nan
0.14241599999999993
0.8849409999999996
0.8747709999999996
0.5517329999999999
0.8760479999999999
0.9653259999999999
0.5641730000000001
0.849803
nan
nan
nan
0.978213
0.5586449999999997
0.9840739999999999
nan
0.5209210000000001
nan
nan
nan
0.0062754
0.0331233
nan
0.00974679
nan
nan
0.00786825
nan
nan
nan
nan
nan
nan
nan
0.7708140000000001
0.7384289999999999
0.7494569999999999
0.8649000000000004
nan
0.04149920000000001
nan
nan
0.327398
0.9655009999999998
0.8940979999999998
0.6301100000000001
0.974063
0.965024
0.8594880000000001
nan
nan
0.5930290000000001
0.9807239999999999
0.923114
0.4800730000000002
nan
0.565168
nan
0.0302592
0.0434444
0.0534113
0.757745
0.7553109999999998
0.0100133
0.0142706
nan
nan
nan
nan
nan
nan
nan
nan
nan
0.00609325
0.8011669999999999
0.978309
0.9070300000000001
0.378844
0.557311
0.7776690000000002
0.0370391
0.5931270000000001
0.9868409999999999
0.8939009999999998
0.44748699999999997
0.544901
nan
nan
nan
0.522957
0.9867999999999998
0.983495
0.618609
nan
nan
0.8979649999999999
0.0230259
0.0192266
0.04379439999999999
0.727832
0.7790649999999999
0.0176708
0.5054200000000002
0.7803310000000001
0.0103565
nan
nan
0.00786825
nan
nan
nan
0.0179393
0.00868694
0.0852953
0.8746390000000002
0.9310150000000004
0.9514410000000001
0.7032990000000001
0.06362199999999998
0.909312
0.7965179999999998
0.545921
0.862364
0.9241979999999997
0.4843350000000002
nan
nan
nan
nan
0.6203690000000001
0.88987
0.54825
nan
nan
0.6958649999999997
0.925613
0.0197168
0.050781
0.7376089999999998
0.7812309999999998
0.0350938
0.305017
0.9217819999999999
0.688463
0.00467285
nan
0.0074123
nan
0.00468859
nan
nan
0.0152758
0.790492
0.6032590000000001
0.8688389999999999
0.9917599999999998
0.8496039999999999
0.982984
0.6168040000000001
0.9887650000000001
0.8305079999999997
0.9830299999999997
0.7959429999999998
0.9850919999999999
0.87196
nan
nan
nan
0.484226
0.47586799999999985
nan
nan
nan
nan
0.8563030000000001
0.9803119999999999
0.020457
0.659863
0.7857879999999999
nan
0.7892739999999999
0.9849379999999999
0.6415349999999999
nan
nan
nan
nan
nan
nan
nan
nan
0.672583
0.8262130000000001
0.9811830000000002
0.77011
0.8054360000000002
0.920793
0.9889460000000001
0.9091020000000001
0.9636479999999998
0.48322599999999993
0.6181450000000001
0.8104450000000002
0.883882
0.969811
0.508487
nan
nan
nan
nan
nan
nan
nan
0.613355
0.971556
0.672041
0.0109953
0.633493
0.987464
0.9699860000000005
0.9136660000000003
0.9633450000000002
0.0179654
nan
nan
nan
nan
nan
nan
nan
0.607669
0.7705579999999996
0.5079089999999999
0.8113309999999998
0.8582510000000002
0.6580960000000001
0.6183629999999999
0.9235829999999999
0.9262099999999999
0.5386200000000001
nan
0.530672
0.49162399999999995
0.4981280000000002
0.55566
0.4715020000000001
nan
nan
nan
nan
nan
nan
0.6279809999999999
0.8867670000000005
0.907466
0.28652699999999987
0.289754
0.9084459999999998
0.985863
0.7674380000000002
0.8051190000000005
0.31538800000000006
0.075086
0.0276208
nan
nan
0.00468859
nan
nan
nan
0.0199739
0.016296
0.0200508
0.6063049999999999
0.9563409999999999
0.498386
0.545008
0.49179399999999995
0.5625880000000003
0.5523559999999998
0.4852029999999999
0.6143569999999999
0.477671
nan
nan
nan
nan
nan
nan
nan
nan
nan
0.47056800000000004
0.8891880000000004
0.627886
0.7732640000000002
0.0440951
0.7816989999999999
0.49978099999999986
0.0860038
0.0434776
nan
0.0148485
nan
nan
nan
nan
nan
nan
0.00886579
nan
0.0167175
0.7040349999999999
0.9814489999999997
0.8335160000000001
0.63025
0.5990099999999999
0.581889
0.574852
0.572846
0.6181559999999999
0.9713270000000004
0.9875049999999999
0.9754750000000004
nan
nan
0.498128
nan
nan
nan
nan
0.5837910000000002
0.9869089999999998
0.9341649999999998
0.580124
0.9860529999999997
0.44040299999999993
0.21058399999999997
0.00932845
0.0126565
0.0138933
nan
nan
nan
nan
nan
nan
nan
nan
nan
0.0136465
0.8882440000000001
0.9245599999999998
0.930954
0.9314700000000006
0.9046230000000002
0.9743379999999999
0.9326849999999999
0.49512400000000006
0.49485700000000005
0.8766999999999997
0.9543570000000001
0.7753469999999996
0.9629139999999997
nan
0.47561000000000003
0.4917940000000001
nan
nan
nan
nan
0.48588700000000024
0.9538040000000002
0.8536020000000001
0.972494
0.59979
0.432741
0.0381627
0.0110729
0.0143653
nan
nan
nan
nan
nan
0.00781685
nan
nan
0.0119171
nan
0.0130028
0.369075
0.9299090000000002
0.8838360000000001
0.988769
0.7756460000000001
0.915984
0.550653
0.6012229999999997
0.955795
0.9468650000000002
0.7844520000000003
0.8624799999999999
0.8379519999999998
0.538252
0.906319
0.6498909999999999
nan
nan
nan
0.582333
0.9706960000000001
0.9816720000000001
0.868608
0.9690910000000003
nan
0.49618900000000016
0.7126530000000001
0.808993
0.0159971
0.00576123
0.019573499999999997
0.0183427
nan
nan
nan
0.00781685
nan
nan
nan
nan
0.05570830000000001
0.85109
0.755552
0.5647730000000001
0.793082
0.9460320000000002
0.9335150000000001
0.936571
0.9838179999999999
0.8492040000000002
0.0180441
0.654297
0.9513759999999998
0.840992
0.9722440000000002
0.8556419999999999
0.500303
nan
nan
nan
0.6169190000000002
0.8903230000000003
0.853545
0.5626320000000001
nan
0.7143670000000004
0.7971770000000002
0.8115360000000004
0.03632380000000001
0.0399135
nan
nan
nan
nan
0.00781685
nan
nan
0.0126031
nan
nan
0.0090854
0.00885813
nan
0.060056
0.34584500000000007
0.46500299999999994
0.918923
0.9073190000000002
0.8216039999999999
0.0321004
0.0167427
0.8533049999999999
0.8166339999999996
0.4118389999999999
0.8891279999999998
0.9217730000000001
0.5034140000000001
nan
nan
0.5645710000000002
0.9133099999999996
0.9505820000000001
0.8736750000000003
nan
nan
0.501946
0.49658699999999995
0.685313
0.4327079999999999
0.0860651
0.0623679
nan
nan
0.00781685
0.0223211
nan
0.021076300000000003
0.65898
0.3627229999999999
nan
nan
nan
nan
nan
nan
0.00145397
0.0478556
nan
nan
nan
nan
0.0353874
0.0102057
0.454984
0.8779360000000002
0.5193529999999998
nan
nan
nan
0.5812680000000001
0.9220880000000002
0.9715619999999999
0.555231
nan
nan
0.0551603
0.27599299999999993
0.660055
0.831417
0.8051150000000002
nan
nan
0.0348405
nan
nan
nan
0.0467843
0.9258499999999998
0.4352530000000002
nan
nan
0.0435255
nan
nan
nan
nan
nan
nan
nan
0.0117773
nan
0.043323
0.857639
0.9676600000000001
0.5635649999999998
nan
nan
nan
nan
0.544193
0.606857
0.528656
nan
nan
nan
0.021010700000000004
0.023981
0.8041609999999999
0.8016850000000003
0.00245234
nan
nan
0.0346183
nan
nan
0.08195529999999998
0.9346289999999999
0.8113120000000003
nan
nan
nan
0.8591540000000001
0.472519
0.0071009
0.012746
0.0417119
0.5523390000000002
0.17845699999999998
0.05954369999999999
0.498475
0.9781270000000001
0.9521459999999998
0.791896
nan
nan
nan
nan
nan
nan
nan
0.5332220000000001
nan
nan
nan
nan
nan
0.7795879999999997
0.7876059999999999
0.0196152
nan
nan
0.00732507
nan
nan
0.0163393
0.8387669999999999
0.9545700000000003
0.9737499999999999
0.07580010000000001
nan
nan
0.946237
0.9559040000000001
0.9793800000000001
0.9679699999999999
0.891166
0.9831579999999999
0.389669
0.8030920000000006
0.957872
0.485203
nan
nan
nan
nan
nan
nan
nan
nan
nan
nan
nan
nan
0.544338
nan
0.6402490000000002
0.9078350000000002
nan
nan
nan
nan
nan
nan
nan
0.9775340000000001
0.8947189999999999
0.9818929999999998
0.9822179999999997
0.0390048
nan
nan
0.853378
0.8590980000000001
0.967486
0.8053480000000001
0.9700629999999996
0.9463779999999999
0.8567370000000002
0.9924009999999998
0.544193
nan
nan
nan
nan
nan
nan
nan
nan
nan
nan
nan
nan
nan
nan
nan
0.8346129999999999
nan
nan
nan
nan
nan
nan
nan
0.0272837
0.953796
0.97144
0.7589229999999999
0.9077699999999997
0.4414820000000001
nan
nan
0.663252
0.9074679999999999
0.9800299999999998
0.971862
0.9536930000000001
0.93708
0.8992520000000003
0.594392
nan
nan
nan
nan
nan
nan
nan
nan
nan
nan
nan
nan
nan
nan
nan
nan
0.461035
nan
nan
nan
nan
nan
nan
0.0423455
0.8531030000000001
0.9591750000000001
0.9561720000000001
0.8796679999999996
0.9439239999999995
0.7193889999999998
nan
0.0185286
0.38429900000000006
0.391043
0.669148
0.8114560000000002
0.9555059999999999
0.7807439999999998
nan
nan
nan
nan
nan
nan
nan
nan
nan
nan
nan
nan
nan
nan
nan
nan
nan
nan
nan
nan
nan
nan
nan
nan
nan
0.86393
0.910597
0.9487679999999998
0.6760129999999999
0.642929
0.9121110000000002
0.8230969999999996
nan
0.00637234
nan
nan
0.0201504
0.7229140000000001
0.9204369999999998
nan
nan
nan
nan
nan
nan
nan
nan
nan
nan
nan
nan
nan
nan
nan
nan
nan
nan
nan
nan
nan
nan
nan
nan
nan
0.282938
0.7165190000000002
0.9470739999999999
0.9660700000000003
0.60691
0.5566330000000003
0.9061630000000004
0.8853310000000002
0.0485283
nan
nan
nan
0.0642439
0.8715419999999997
0.4339399999999999
nan
nan
nan
nan
nan
nan
nan
nan
nan
nan
nan
nan
nan
nan
nan
nan
nan
nan
nan
nan
nan
nan
nan
nan
0.0180904
nan
0.8493750000000002
0.886017
0.9534500000000001
0.603765
0.581545
0.923566
0.784111
0.0193079
nan
nan
nan
0.0271117
0.9869469999999998
nan
nan
nan
nan
nan
nan
nan
nan
nan
nan
nan
nan
nan
nan
nan
nan
nan
nan
nan
0.55666
nan
nan
nan
nan
nan
0.0386311
0.517024
0.8813269999999997
0.8810679999999999
0.9770369999999998
0.7920979999999997
0.794319
0.9678459999999999
0.8882239999999996
0.3284760000000001
0.0132141
nan
nan
0.7316149999999998
0.5977800000000001
nan
nan
nan
nan
nan
nan
nan
nan
nan
nan
nan
nan
nan
nan
nan
nan
nan
nan
nan
0.598804
nan
nan
0.0042
nan
nan
0.397541
0.943624
0.8563709999999997
0.6098860000000002
0.7576099999999999
0.6739779999999999
0.8569349999999998
0.9218670000000004
0.7488520000000001
0.0220134
0.0112474
nan
0.00230278
0.7500860000000001
0.961181
0.5669830000000001
0.601862
nan
nan
nan
nan
nan
nan
nan
nan
nan
nan
nan
nan
nan
nan
0.544193
nan
0.6566380000000002
0.9462000000000003
nan
nan
nan
nan
0.00709864
0.4258589999999999
0.9574849999999999
0.8779449999999998
0.6361629999999999
0.5808619999999999
0.646571
0.8636420000000002
0.9280899999999997
0.455843
0.0106532
0.00728391
nan
0.0422915
0.4642130000000001
0.368829
0.8070209999999999
0.9100040000000003
nan
nan
nan
nan
nan
nan
nan
nan
nan
0.569415
0.5370750000000002
0.563799
nan
nan
0.655099
0.8910229999999998
0.96997
0.9040370000000002
nan
nan
nan
nan
nan
0.6042440000000001
0.9642210000000001
0.9194870000000002
nan
nan
0.6323459999999999
0.9480120000000004
0.818625
0.377902
0.00959603
nan
0.4605020000000001
0.9551409999999998
0.853406
0.8797449999999999
0.9101270000000002
0.5952320000000002
nan
nan
nan
nan
nan
nan
nan
nan
nan
nan
0.5850609999999999
0.5928240000000001
0.5772719999999999
0.6067229999999999
0.9222850000000004
0.8602679999999998
0.9404
0.8840459999999998
nan
nan
nan
nan
nan
0.8675629999999999
0.9635329999999999
0.7329709999999999
0.612348
0.6462129999999999
0.8857470000000001
0.9824660000000001
0.8824029999999999
0.43937999999999994
0.42616800000000005
0.7675729999999997
0.8664279999999999
0.6605610000000001
nan
0.5787290000000002
0.9017130000000001
0.5868140000000001
nan
nan
nan
nan
nan
nan
nan
nan
nan
nan
nan
0.5917589999999998
0.6058439999999998
0.5853170000000002
0.8593390000000004
0.832513
nan
0.557576
nan
nan
nan
nan
nan
0.5300660000000001
0.886702
0.7576099999999999
0.6310440000000003
0.8278419999999999
0.947001
0.9793609999999999
0.9776359999999995
0.9649639999999999
0.5927620000000001
0.628992
0.9677230000000004
0.631826
nan
nan
nan
0.5689099999999998
0.607821
nan
nan
nan
nan
nan
nan
nan
nan
nan
nan
nan
nan
nan
0.5699090000000002
0.5711420000000004
0.5829710000000001
0.676502
nan
nan
nan
nan
0.0077794
0.5035890000000001
0.9665010000000002
0.971809
0.9559940000000006
0.9581320000000001
0.9684249999999998
0.8391579999999998
0.8985900000000002
0.5561679999999999
nan
nan
nan
nan
nan
nan
nan
nan
nan
nan
nan
nan
nan
nan
nan
nan
nan
nan
nan
nan
nan
0.5370749999999999
0.569442
0.606595
0.8543599999999999
0.9553849999999999
nan
nan
nan
nan
nan
0.20623900000000003
0.9120670000000002
0.9617950000000003
0.907851
0.9651499999999995
0.6201920000000001
0.44163300000000016
0.9728559999999996
nan
nan
nan
nan
nan
nan
nan
nan
nan
nan
nan
nan
nan
nan
nan
nan
nan
nan
nan
nan
0.8909939999999998
0.9461469999999997
0.923633
0.9762950000000001
0.947774
0.803737
0.32718700000000006
nan
0.0011869
nan
nan
nan
0.0188053
0.9554570000000001
0.9047859999999999
0.9585009999999999
0.4805940000000002
0.503643
0.959052
nan
nan
nan
nan
nan
nan
nan
nan
nan
nan
nan
nan
nan
nan
nan
nan
nan
nan
nan
0.588281
0.6042249999999999
0.9806570000000001
0.8197560000000003
0.5815679999999999
0.0894231
0.0276047
nan
nan
nan
nan
nan
nan
nan
0.0235799
0.8534360000000003
0.8822080000000003
0.8510800000000003
0.0516029
0.531737
0.964959
nan
nan
nan
nan
nan
nan
nan
nan
nan
nan
nan
nan
nan
nan
nan
nan
nan
nan
nan
0.596885
0.6435000000000001
0.642489
0.631662
0.977679
0.511284
nan
0.00558068
nan
nan
0.00418779
nan
nan
nan
0.00390028
0.05322559999999999
0.039553700000000004
0.0392017
0.0949298
0.859417
0.902273
0.550993
nan
nan
nan
nan
nan
nan
nan
0.612348
nan
nan
nan
nan
nan
nan
nan
nan
nan
nan
nan
nan
nan
0.5733790000000001
0.620199
0.9567650000000003
0.527758
0.0521339
0.00522353
0.46962999999999994
0.00456199
nan
nan
nan
nan
nan
0.045212
0.47881699999999994
0.9384529999999999
0.658614
0.67416
0.6276810000000003
0.56236
0.5713760000000001
nan
nan
nan
nan
nan
nan
0.659352
0.560442
0.558599
nan
nan
nan
nan
nan
nan
nan
nan
nan
nan
0.5410759999999998
0.9446329999999996
0.859113
0.0262288
0.00673274
0.027840600000000004
0.8677469999999996
0.0428716
nan
nan
nan
nan
nan
0.056541700000000014
0.8524170000000001
0.957529
0.973386
0.9423709999999994
0.9022789999999999
0.8829330000000001
0.755668
nan
nan
0.6123479999999999
0.612348
nan
nan
nan
0.633543
nan
nan
nan
nan
nan
nan
nan
nan
0.550033
0.8503410000000001
0.6604570000000001
0.95296
0.868792
0.0872132
0.0226926
0.0531081
0.6327469999999998
0.7524420000000003
0.44240199999999996
0.0159913
0.00528986
nan
nan
nan
0.00428333
0.48159400000000013
0.00809864
nan
0.00311894
0.0674051
0.0184775
0.908186
nan
0.611348
0.8170500000000003
0.635325
nan
nan
nan
0.6180609999999997
nan
nan
nan
nan
nan
nan
nan
nan
nan
0.820367
0.7593720000000003
0.5635879999999999
0.0393302
0.0118389
0.0108532
0.7677089999999999
0.9706330000000002
0.9274989999999999
0.9094669999999998
0.103142
0.0418135
0.0168598
nan
nan
nan
nan
nan
0.024341
0.5030670000000003
0.864179
0.7312919999999999
0.8738440000000002
0.6578069999999999
0.8589429999999999
0.8254539999999998
0.6230590000000003
nan
nan
nan
0.8298249999999999
0.55639
nan
nan
nan
nan
nan
nan
0.607984
0.8455510000000002
0.8429459999999995
0.7742139999999998
0.0650355
0.0239743
nan
0.664499
0.9776719999999999
0.612551
0.9719139999999998
0.8921880000000003
0.525145
0.5123530000000001
0.037402
nan
nan
nan
nan
0.00930278
0.9065659999999998
0.8194750000000001
0.6123479999999998
0.6168269999999999
0.90672
0.9189869999999999
0.9838730000000002
0.6068300000000001
nan
nan
nan
0.503544
0.8367709999999999
0.5536689999999999
nan
0.6058209999999999
nan
nan
0.6390829999999998
0.5772119999999998
0.5580750000000001
0.8793529999999998
0.8689920000000001
0.05518699999999999
0.053712
0.00782778
0.49101300000000003
0.9484539999999999
0.6365649999999999
0.5586289999999999
0.8114089999999998
0.8979309999999999
0.8780950000000001
0.9377559999999998
0.589409
0.012023
nan
nan
0.00118421
0.00216667
0.0120167
0.537411
0.8219329999999998
nan
0.6865459999999999
0.9510919999999999
0.5683599999999999
nan
nan
nan
nan
0.5042540000000002
0.9444600000000003
0.572841
nan
0.6162570000000002
nan
nan
0.9816430000000005
0.8787769999999999
0.9435919999999999
0.9449329999999998
0.0973474
0.0465021
nan
0.6760269999999999
0.8939579999999996
0.8087040000000003
0.5573180000000002
0.6356949999999999
0.680711
0.9716739999999997
0.9520789999999998
0.8890570000000001
0.7212609999999999
nan
nan
0.0553306
0.0610899
nan
nan
0.010321
0.8809849999999998
0.7896850000000001
nan
nan
nan
nan
0.5663760000000001
0.6123479999999999
nan
0.499554
0.9703899999999995
0.527269
0.6380040000000002
0.8029779999999995
nan
nan
0.576527
0.9431990000000001
0.45292400000000016
0.0178054
nan
0.0175837
0.4113710000000001
0.8388939999999999
0.6347829999999999
0.5237260000000002
nan
nan
0.8578159999999999
0.6504600000000003
0.8042749999999996
0.9164429999999998
0.038102
0.00346262
nan
0.627014
0.9807650000000004
0.6070139999999999
nan
nan
nan
0.8877469999999997
0.5994
0.6028620000000001
nan
0.6020670000000002
0.5610039999999997
0.610348
0.5752120000000001
0.5848560000000003
0.9621089999999999
0.789706
0.6233569999999999
0.566726
nan
0.5655259999999998
0.8688590000000002
0.8769489999999998
0.322565
0.011545599999999998
0.0349259
0.5557090000000001
0.8435660000000001
0.566771
0.9394490000000001
0.8177230000000002
0.5039170000000001
nan
0.9850449999999996
0.833635
0.85968
0.0170911
0.0877457
nan
0.0546258
0.9070009999999996
0.8290900000000001
0.971517
0.4735219999999998
0.0023153
nan
0.44687599999999994
0.8015729999999998
0.7945900000000001
0.7877849999999998
0.9690980000000001
0.7948
nan
0.5571470000000001
0.6078210000000001
0.9679879999999997
0.982448
0.6409689999999999
nan
0.5762119999999998
0.7979440000000001
0.9659059999999996
0.5255179999999999
0.0170385
nan
0.44191400000000003
0.9251159999999997
0.7861399999999998
0.8411649999999996
0.9051030000000002
0.9471580000000002
0.49866899999999986
nan
0.847119
0.909688
0.0175032
0.44162599999999996
0.502013
nan
0.0740379
0.9712630000000002
0.6711560000000003
0.8067910000000006
0.8971510000000001
0.03981629999999999
0.00738095
0.0116686
0.478937
0.775963
0.8439009999999999
0.8991830000000001
0.8475270000000001
0.648027
0.64215
0.605767
0.9822089999999998
0.8083189999999999
0.5762119999999996
0.5762119999999998
0.601862
0.9664979999999997
0.7959310000000004
0.0109353
0.0115456
0.396079
0.930097
0.9639059999999998
0.614361
0.563318
0.5304349999999999
0.5881109999999999
0.478148
nan
0.8684950000000001
0.28913400000000006
0.8441359999999999
0.9358769999999997
0.0111353
nan
0.4334750000000001
0.7968660000000002
nan
0.624342
0.7822340000000002
0.92246
0.07014030000000002
0.0107274
0.05013689999999999
0.05184250000000001
0.046246
0.12053199999999999
0.8309189999999996
0.856899
0.6196039999999999
0.9443010000000001
0.9225270000000002
0.6459899999999998
nan
0.56736
0.8388709999999998
0.9004979999999998
0.0786918
0.0130575
0.36191200000000007
0.9119639999999998
0.8841579999999999
0.779997
0.8302579999999999
0.49831099999999995
nan
nan
nan
nan
0.4839649999999998
0.9129349999999998
0.8824350000000001
0.8371800000000001
0.0403666
0.027428
0.40421399999999996
0.9395339999999998
0.56336
nan
nan
0.637573
0.9822089999999999
0.8147409999999999
0.7868969999999998
0.8252020000000001
0.8809839999999999
0.7834530000000001
0.383888
0.721038
0.8772870000000003
0.9161479999999999
0.8620910000000003
0.5592230000000002
0.596608
0.8387299999999999
0.9278989999999998
0.474059
0.0113411
nan
0.827539
0.824429
0.5920289999999998
nan
nan
nan
nan
nan
nan
nan
0.8981560000000001
0.7207409999999996
0.9762280000000004
nan
nan
0.0850636
0.5017719999999998
0.6476770000000001
0.8434329999999998
0.6384090000000002
nan
nan
nan
nan
0.6020670000000001
0.8096050000000002
0.9187799999999999
0.9678969999999996
0.9006360000000003
0.927335
0.9247750000000001
0.947452
0.978106
0.7944459999999995
0.789634
0.9474819999999999
0.39824099999999996
0.0154827
0.0480545
0.5255770000000001
0.9178540000000001
0.8235279999999998
0.5877309999999999
0.5877309999999998
nan
nan
nan
nan
nan
nan
0.9771810000000004
0.636261
0.748232
0.03537479999999999
0.5935369999999998
0.9646890000000002
0.7737999999999997
0.8695699999999996
0.8961220000000001
0.8078150000000003
0.6000289999999999
nan
nan
nan
0.5762119999999998
0.576212
0.6309730000000001
0.612043
nan
0.6130369999999999
0.599995
0.591879
0.8096939999999999
0.8738960000000001
0.8579880000000004
0.0260964
0.0353119
0.09992310000000001
0.7837329999999998
0.9480149999999999
0.8598160000000002
0.784875
0.6016059999999998
0.60855
0.5799279999999999
nan
nan
nan
nan
nan
0.6493190000000001
0.578453
0.51247
0.0444671
0.8695699999999995
0.6868419999999997
0.564408
0.8096370000000003
0.9214680000000002
0.8476239999999996
0.6366170000000002
nan
nan
nan
nan
nan
nan
nan
nan
nan
nan
0.6018619999999998
0.9599059999999999
0.6609229999999998
0.303613
0.0363044
0.0172861
0.9355450000000003
0.7865789999999998
0.809163
0.8932560000000002
0.9326520000000004
0.970281
0.5698940000000001
0.5642229999999999
nan
0.49864399999999987
nan
nan
nan
nan
0.799996
0.436916
0.0492901
0.8753140000000001
0.5609079999999997
nan
0.6096529999999999
0.6649650000000003
0.56236
0.5907479999999997
nan
nan
nan
nan
nan
nan
nan
nan
nan
0.5652230000000003
0.9758810000000002
0.8180600000000001
0.9616129999999999
0.956703
0.818487
0.451236
0.929543
0.796954
0.6644250000000002
0.565165
0.9757129999999998
0.8933980000000002
0.789016
0.63626
0.5725189999999999
nan
nan
nan
nan
nan
0.9402500000000004
0.562612
0.44673500000000005
0.9208230000000002
0.6641650000000001
nan
nan
nan
nan
nan
nan
nan
nan
nan
nan
nan
nan
nan
0.5523029999999999
0.638029
0.9626020000000005
0.9580859999999999
0.7669070000000001
0.581623
0.974536
0.8330510000000001
0.924751
0.8073110000000001
nan
nan
0.575536
0.6581229999999999
0.49831099999999995
nan
0.495425
nan
nan
nan
nan
0.6603579999999999
0.9053520000000002
0.9541769999999998
0.9075770000000002
0.9140119999999998
0.6899049999999998
nan
nan
nan
nan
nan
nan
nan
nan
nan
nan
nan
nan
nan
nan
nan
0.7606279999999995
0.656741
nan
0.5021440000000001
0.637641
0.9696189999999999
0.7850149999999999
0.8453220000000002
0.5917630000000002
nan
0.5808559999999997
0.5642230000000001
0.5272690000000001
nan
nan
nan
nan
nan
nan
0.7298800000000002
0.799191
0.6866789999999999
0.877758
0.8883569999999998
0.8420770000000002
0.600828
nan
nan
nan
nan
nan
nan
nan
nan
nan
nan
nan
nan
nan
nan
0.5573030000000001
0.660581
nan
nan
nan
0.6617189999999998
0.917269
0.7670080000000002
0.573008
nan
0.4954
0.5883040000000002
0.6465680000000003
0.585956
nan
nan
nan
nan
nan
0.640242
0.5682100000000001
nan
0.7957520000000001
0.9529970000000001
0.902451
0.61316
nan
nan
nan
0.584898
0.5629850000000001
nan
nan
nan
nan
nan
nan
nan
nan
0.5106770000000003
0.6024749999999999
nan
nan
nan
0.5960120000000002
0.7621869999999996
0.5925129999999998
0.8359540000000001
0.593016
0.5573030000000001
0.5671749999999999
0.9551450000000001
0.7615530000000001
0.49788700000000014
nan
nan
nan
nan
nan
nan
nan
nan
0.6333010000000002
0.79611
0.8346170000000002
0.5315259999999999
nan
nan
nan
0.6124049999999998
0.7553669999999998
0.5315260000000002
nan
nan
nan
nan
nan
nan
0.666304
0.7971339999999999
0.600546
nan
0.5910429999999999
nan
nan
nan
0.5867760000000002
0.670342
0.5568349999999999
0.5508189999999998
0.7975809999999995
0.9333280000000002
0.766565
nan
nan
nan
nan
nan
nan
nan
0.557651
0.625958
0.8078769999999997
0.6959090000000001
nan
nan
nan
nan
nan
nan
0.6884420000000001
0.9468300000000003
0.528026
0.6568150000000004
0.591971
nan
nan
0.507177
0.7850989999999999
0.7533779999999998
0.5960120000000002
0.560876
0.6366099999999999
0.5642600000000002
nan
nan
0.5050810000000001
nan
nan
0.49874700000000005
0.8830689999999999
0.9491600000000003
0.7343639999999998
0.584416
nan
nan
nan
nan
nan
nan
0.7693349999999999
0.8908030000000003
0.955742
0.8377079999999999
0.556469
nan
nan
nan
nan
nan
0.591304
0.9107510000000002
0.8890299999999999
0.761043
nan
nan
0.502144
0.661362
0.9043550000000001
0.8943250000000001
0.5094849999999997
0.6426749999999999
0.8349960000000003
nan
nan
nan
nan
nan
0.5290620000000001
0.953265
0.7571140000000001
0.85323
0.8693380000000002
0.5383789999999999
nan
0.49964300000000017
nan
nan
nan
nan
0.806029
0.7589360000000002
0.753583
nan
nan
nan
0.617368
0.676777
0.5648930000000002
nan
nan
0.7870099999999999
0.766756
0.6603619999999999
nan
nan
0.646564
0.6992040000000002
0.9279439999999997
0.906784
0.8514499999999999
0.8499850000000003
0.6017070000000001
nan
nan
nan
nan
0.5030870000000002
0.8678969999999998
0.8647920000000001
0.7951880000000005
0.9209150000000002
0.5713940000000001
nan
nan
0.499643
nan
nan
nan
