nan
nan
nan
nan
nan
nan
nan
nan
nan
nan
0.00162769
nan
nan
nan
nan
nan
nan
nan
nan
nan
nan
0.0393028
0.7021770000000003
0.96955
0.8758890000000003
0.891473
0.943998
0.9817280000000003
0.8785350000000001
0.841319
0.532972
0.9462179999999999
0.786716
0.522957
0.49053300000000005
0.62455
0.5992620000000001
0.4896460000000001
nan
nan
nan
nan
0.007661149999999999
nan
nan
nan
nan
nan
0.00786825
nan
nan
nan
nan
nan
nan
nan
nan
0.0121403
0.0182372
0.00173352
nan
nan
0.0150312
0.6596289999999999
0.9847300000000001
0.8800580000000003
0.8829159999999999
0.873098
0.592946
0.7619430000000003
0.37393200000000026
0.9142590000000002
nan
nan
0.6160199999999998
0.993395
0.915589
0.8172309999999999
0.5502480000000002
0.5192069999999999
0.0491029
nan
nan
0.00769277
nan
0.00229981
nan
nan
nan
0.007868249999999999
0.00929594
0.00525397
nan
nan
nan
nan
0.00522024
0.7686919999999998
0.806846
0.00917266
nan
nan
0.00588665
nan
0.142416
0.8849409999999998
0.874771
0.5517330000000001
0.876048
0.9653260000000002
0.5641729999999999
0.8498029999999995
nan
nan
nan
0.9782129999999999
0.5586450000000001
0.9840739999999998
nan
0.520921
nan
nan
0.00866115
0.0062754
0.03312330000000001
nan
0.00974679
nan
nan
0.00786825
nan
nan
nan
nan
nan
0.0111667
0.018046
0.7708139999999999
0.7384289999999999
0.7494569999999999
0.8649000000000003
0.0114845
0.0414992
nan
nan
0.32739799999999997
0.9655009999999998
0.8940979999999997
0.6301100000000002
0.9740629999999999
0.9650239999999999
0.8594879999999999
nan
nan
0.593029
0.9807240000000002
0.9231139999999999
0.48007299999999997
nan
0.565168
0.0235102
0.030259199999999993
0.0434444
0.05341130000000001
0.757745
0.755311
0.0100133
0.0142706
nan
nan
0.00786825
0.0002
nan
nan
nan
nan
nan
nan
0.801167
0.9783089999999999
0.9070300000000004
0.378844
0.5573110000000001
0.7776690000000002
0.0370391
0.5931270000000001
0.9868409999999999
0.8939009999999997
0.44748699999999997
0.5449010000000002
nan
nan
nan
0.5229569999999999
0.9868000000000001
0.9834949999999998
0.6186090000000001
nan
nan
0.897965
0.023025899999999995
0.0192266
0.0437944
0.7278320000000004
0.779065
0.0176708
0.50542
0.780331
0.0103565
nan
0.00786825
0.00786825
nan
nan
nan
0.0179393
0.00868694
0.08529530000000002
0.874639
0.9310150000000003
0.9514409999999998
0.7032990000000001
0.063622
0.909312
0.7965180000000001
0.5459210000000002
0.8623640000000002
0.9241980000000003
0.4843350000000002
nan
nan
nan
nan
0.620369
0.88987
0.5482500000000002
nan
nan
0.6958649999999996
0.9256130000000001
0.0197168
0.05078099999999999
0.737609
0.781231
0.0350938
0.3050169999999999
0.921782
0.6884630000000002
nan
nan
nan
0.00786825
nan
nan
nan
0.0152758
0.790492
0.603259
0.8688389999999999
0.99176
0.8496039999999999
0.982984
0.6168040000000001
0.988765
0.8305079999999999
0.98303
0.795943
0.9850919999999997
0.87196
nan
nan
nan
0.48422599999999993
0.4758679999999999
nan
nan
nan
nan
0.8563030000000003
0.9803119999999996
0.020457
0.6598629999999999
0.7857879999999999
0.0372984
0.7892739999999999
0.9849379999999998
0.641535
0.007296
nan
nan
nan
0.0074123
nan
nan
nan
0.6725830000000003
0.8262130000000001
0.9811829999999999
0.7701100000000001
0.805436
0.920793
0.9889460000000001
0.9091020000000001
0.9636480000000002
0.4832260000000002
0.6181450000000001
0.810445
0.883882
0.969811
0.5084869999999999
nan
nan
nan
nan
nan
nan
nan
0.613355
0.9715559999999998
0.6720409999999999
0.0109953
0.633493
0.987464
0.9699860000000005
0.9136659999999999
0.9633450000000002
0.0179654
0.011734799999999998
nan
nan
nan
nan
nan
0.000390476
0.6076689999999999
0.7705580000000001
0.5079089999999999
0.8113309999999999
0.8582509999999999
0.6580960000000002
0.618363
0.9235830000000003
0.9262100000000001
0.53862
nan
0.5306720000000001
0.49162399999999995
0.49812799999999996
0.5556600000000002
0.4715020000000001
nan
nan
nan
nan
nan
nan
0.6279809999999999
0.8867670000000003
0.9074659999999999
0.2865269999999999
0.28975399999999996
0.9084459999999999
0.985863
0.7674380000000002
0.8051190000000001
0.31538800000000006
0.075086
0.0276208
nan
nan
0.00468859
0.0074123
nan
0.0230433
0.0199739
0.016296
0.0200508
0.6063049999999999
0.9563409999999998
0.498386
0.545008
0.49179399999999984
0.562588
0.5523560000000002
0.48520300000000005
0.6143569999999999
0.47767100000000007
nan
nan
nan
nan
nan
nan
nan
nan
nan
0.470568
0.8891880000000003
0.6278859999999999
0.7732640000000001
0.044095100000000005
0.7816989999999999
0.499781
0.08600380000000002
0.0434776
0.0172684
0.0148485
nan
nan
nan
nan
nan
nan
nan
nan
0.0167175
0.7040350000000002
0.9814489999999997
0.833516
0.6302500000000001
0.5990099999999999
0.5818889999999999
0.574852
0.5728460000000001
0.618156
0.9713270000000003
0.9875050000000001
0.975475
nan
nan
0.498128
nan
nan
nan
nan
0.5837909999999997
0.986909
0.9341649999999997
0.5801239999999999
0.9860529999999998
0.4404030000000001
0.210584
0.00932845
0.0126565
0.0138933
0.00221111
nan
0.000566947
nan
0.00544344
nan
nan
nan
nan
0.0136465
0.8882440000000001
0.9245599999999998
0.930954
0.9314700000000004
0.9046230000000004
0.974338
0.9326849999999998
0.4951239999999998
0.494857
0.8766999999999997
0.9543570000000001
0.775347
0.9629139999999998
nan
0.47561000000000003
0.491794
nan
nan
nan
nan
0.4858870000000001
0.953804
0.8536020000000002
0.972494
0.5997900000000002
0.432741
0.0381627
0.0110729
0.0143653
nan
nan
0.00367919
0.00570635
nan
0.00781685
nan
0.00781685
0.0119171
nan
0.0130028
0.369075
0.9299089999999999
0.8838359999999997
0.9887689999999997
0.775646
0.9159840000000001
0.5506529999999997
0.601223
0.9557950000000001
0.9468650000000002
0.784452
0.86248
0.8379519999999998
0.538252
0.906319
0.6498910000000001
nan
nan
nan
0.5823330000000001
0.9706960000000001
0.9816719999999999
0.8686080000000002
0.9690910000000003
nan
0.4961890000000001
0.7126529999999999
0.8089929999999999
0.0159971
nan
nan
0.0183427
nan
nan
0.00781685
0.00781685
nan
nan
nan
nan
0.0557083
0.8510899999999999
0.7555519999999999
0.5647729999999999
0.7930819999999998
0.9460320000000001
0.933515
0.9365710000000002
0.9838180000000001
0.8492040000000001
0.0180441
0.6542969999999999
0.9513759999999998
0.840992
0.9722440000000001
0.8556419999999999
0.500303
nan
nan
nan
0.6169189999999998
0.8903230000000002
0.8535450000000001
0.5626319999999999
nan
0.7143670000000003
0.7971770000000002
0.8115360000000004
0.03632380000000001
0.0399135
0.8291990000000001
0.0104105
nan
nan
0.00781685
nan
nan
0.0126031
nan
nan
nan
0.00885813
nan
0.060056
0.4203845
0.46500300000000006
0.9189229999999999
0.9073190000000001
0.821604
0.0321004
0.0167427
0.8533050000000003
0.816634
0.41183900000000007
0.8891279999999999
0.921773
0.503414
nan
nan
0.564571
0.9133099999999998
0.950582
0.8736750000000002
nan
nan
0.5019459999999999
0.496587
0.685313
0.4327079999999999
0.0860651
0.062367900000000004
nan
0.03493859999999999
0.00781685
0.0223211
nan
0.021076299999999996
0.6589799999999999
0.3627229999999999
nan
nan
nan
nan
nan
nan
nan
0.0478556
0.00573352
nan
nan
nan
0.0353874
0.0102057
0.45498400000000006
0.877936
0.5193529999999998
nan
nan
nan
0.5812679999999999
0.9220880000000005
0.9715620000000005
0.555231
nan
nan
0.0551603
0.27599299999999993
0.660055
0.831417
0.805115
0.00576123
nan
0.0348405
0.0459171
nan
nan
0.0467843
0.9258500000000002
0.4352529999999999
nan
nan
0.0435255
0.0166992
nan
nan
nan
nan
nan
0.00516607
0.0117773
0.00121397
0.043323
0.857639
0.9676600000000002
0.5635649999999999
nan
nan
nan
nan
0.5441929999999999
0.6068569999999998
0.5286559999999999
nan
nan
nan
0.021010700000000004
0.023981
0.8041609999999999
0.8016850000000001
nan
nan
nan
0.0346183
nan
nan
0.08195529999999998
0.9346289999999998
0.8113120000000003
nan
nan
nan
0.8591540000000001
0.472519
0.0071009
0.012746000000000002
0.0417119
0.552339
0.17845699999999998
0.059543700000000005
0.49847499999999995
0.9781270000000001
0.9521460000000002
0.7918959999999999
nan
nan
nan
nan
nan
nan
nan
0.5332220000000002
nan
nan
nan
nan
0.0150528
0.7795880000000001
0.787606
0.0196152
nan
nan
0.00732507
0.00376508
nan
0.0163393
0.838767
0.9545700000000003
0.9737500000000002
0.07580010000000001
nan
nan
0.9462369999999999
0.9559040000000003
0.9793800000000003
0.9679699999999996
0.8911660000000001
0.9831579999999998
0.38966899999999993
0.8030920000000003
0.957872
0.485203
nan
nan
nan
nan
nan
nan
nan
nan
nan
nan
nan
nan
0.544338
nan
0.640249
0.9078350000000003
0.00841111
nan
nan
nan
nan
nan
0.008696
0.9775340000000003
0.8947189999999999
0.9818929999999999
0.9822179999999997
0.0390048
nan
nan
0.853378
0.859098
0.967486
0.8053480000000003
0.9700629999999999
0.9463779999999997
0.8567369999999997
0.992401
0.544193
nan
nan
nan
nan
nan
nan
nan
nan
nan
nan
nan
nan
nan
0.5443379999999999
nan
0.834613
0.04843019999999999
nan
nan
0.00335833
0.00335833
nan
nan
0.0272837
0.953796
0.97144
0.7589229999999999
0.9077700000000001
0.441482
nan
0.00288099
0.663252
0.9074679999999996
0.98003
0.971862
0.9536929999999998
0.93708
0.8954412500000003
0.594392
nan
nan
nan
nan
nan
nan
nan
nan
nan
nan
nan
nan
nan
nan
0.5619040000000001
nan
0.46103499999999986
0.00364657
nan
nan
0.00335833
0.000579365
nan
0.0423455
0.8531030000000001
0.9591750000000001
0.9561720000000002
0.8796679999999999
0.9439239999999997
0.719389
nan
0.0185286
0.384299
0.39104300000000014
0.669148
0.8114560000000001
0.9555059999999999
0.7807440000000001
nan
nan
nan
nan
nan
nan
nan
nan
nan
nan
nan
nan
nan
nan
nan
0.4984279999999999
0.5744749999999998
0.5692980000000002
nan
nan
0.000579365
0.00259365
0.00259365
nan
0.0159591
0.86393
0.9105969999999999
0.9487679999999997
0.6760130000000001
0.6429289999999998
0.9121109999999998
0.8230969999999997
0.00276468
nan
nan
nan
0.0201504
0.7229140000000002
0.9204370000000002
nan
nan
nan
nan
nan
nan
nan
nan
nan
nan
nan
nan
nan
nan
nan
nan
nan
nan
0.6752700000000001
0.00732262
nan
nan
nan
0.00259365
nan
0.2829380000000001
0.7165189999999999
0.947074
0.9660700000000002
0.60691
0.556633
0.9061630000000002
0.8853310000000001
0.04852830000000001
nan
0.00126648
0.009778800000000002
0.0642439
0.871542
0.4339399999999999
nan
nan
nan
nan
nan
nan
nan
nan
nan
nan
nan
nan
nan
nan
nan
nan
nan
nan
nan
nan
nan
nan
0.0016793700000000001
nan
0.0180904
0.0134385
0.8493750000000001
0.8860170000000002
0.95345
0.6037650000000002
0.581545
0.9235659999999997
0.7841109999999998
0.0193079
nan
nan
nan
0.027111700000000002
0.9869470000000001
nan
nan
nan
nan
nan
nan
nan
nan
nan
nan
nan
nan
nan
nan
nan
nan
nan
nan
nan
0.5566599999999998
nan
nan
nan
nan
nan
0.0386311
0.5170239999999999
0.8813270000000001
0.8810680000000001
0.977037
0.7920980000000002
0.7943189999999999
0.9678459999999998
0.8882239999999998
0.328476
0.0132141
nan
nan
0.7316150000000002
0.5977800000000001
nan
nan
nan
nan
nan
nan
nan
nan
nan
nan
nan
nan
nan
nan
nan
nan
nan
nan
nan
0.5988040000000001
nan
nan
nan
nan
nan
0.397541
0.9436239999999999
0.8563709999999999
0.6098860000000002
0.7576099999999999
0.673978
0.8569349999999998
0.9218670000000003
0.7488520000000002
0.0220134
0.0112474
nan
0.00230278
0.7500859999999998
0.961181
0.5669830000000001
0.6018619999999999
nan
nan
nan
nan
nan
nan
nan
nan
nan
nan
nan
nan
nan
nan
0.5441929999999999
nan
0.656638
0.9461999999999999
nan
nan
nan
nan
0.00709864
0.42585900000000015
0.957485
0.8779450000000002
0.6361629999999999
0.580862
0.6465709999999999
0.8636420000000004
0.9280899999999997
0.455843
0.0106532
0.00728391
nan
0.0422915
0.46421300000000004
0.36882899999999996
0.8070210000000002
0.9100040000000001
nan
nan
nan
nan
nan
nan
nan
nan
nan
0.569415
0.537075
0.5637990000000003
nan
nan
0.655099
0.8910230000000003
0.9699700000000001
0.9040370000000002
nan
nan
nan
nan
nan
0.6042439999999999
0.9642210000000002
0.919487
nan
nan
0.6323459999999999
0.9480120000000002
0.8186250000000002
0.37790199999999996
0.00959603
0.00348274
0.4605020000000002
0.9551409999999998
0.853406
0.879745
0.9101269999999999
0.595232
nan
nan
nan
nan
nan
nan
nan
nan
nan
nan
0.585061
0.592824
0.5772719999999999
0.6067230000000001
0.9222850000000004
0.8602679999999998
0.9404000000000002
0.8840459999999998
0.000566947
nan
nan
nan
nan
0.8675629999999999
0.963533
0.7329710000000002
0.6123479999999999
0.6462130000000001
0.885747
0.9824660000000001
0.882403
0.43938
0.42616800000000005
0.7675729999999998
0.8664280000000001
0.6605609999999998
nan
0.5787289999999999
0.9017130000000003
0.5868139999999998
nan
nan
nan
nan
nan
nan
nan
nan
nan
nan
nan
0.591759
0.6058440000000002
0.585317
0.8593390000000003
0.8325130000000003
nan
0.557576
nan
nan
nan
nan
0.00290028
0.5300659999999999
0.8867019999999999
0.7576099999999999
0.6310440000000002
0.8278420000000002
0.947001
0.9793610000000001
0.9776360000000005
0.9649639999999998
0.592762
0.6289919999999999
0.967723
0.631826
nan
nan
nan
0.56891
0.607821
nan
nan
nan
nan
nan
nan
nan
nan
nan
nan
nan
nan
nan
0.5699090000000001
0.5711420000000001
0.582971
0.6765019999999999
nan
nan
nan
nan
nan
0.5035889999999998
0.9665010000000003
0.971809
0.9559940000000003
0.9581319999999998
0.9684249999999999
0.8503986086956522
0.8985900000000003
0.5561679999999998
nan
nan
nan
nan
nan
nan
nan
nan
nan
nan
nan
nan
nan
nan
nan
nan
nan
nan
nan
nan
nan
0.5370749999999999
0.5694420000000002
0.6065950000000001
0.8543599999999999
0.955385
0.00599532
nan
nan
nan
0.0051093
0.20623900000000003
0.9120670000000001
0.961795
0.907851
0.9651499999999994
0.620192
0.4416330000000003
0.9728559999999998
nan
nan
nan
nan
nan
nan
nan
nan
nan
nan
nan
nan
nan
nan
nan
nan
nan
nan
nan
nan
0.8909940000000001
0.946147
0.923633
0.9762950000000001
0.9477739999999999
0.803737
0.32718699999999984
nan
nan
nan
nan
nan
0.0188053
0.9554569999999997
0.9047859999999999
0.9585009999999999
0.4805940000000001
0.503643
0.9590519999999999
nan
nan
nan
nan
nan
nan
nan
nan
nan
nan
nan
nan
nan
nan
nan
nan
nan
nan
nan
0.5882810000000003
0.6042249999999999
0.9806570000000003
0.8197559999999999
0.5815680000000001
0.08942310000000002
0.0276047
nan
0.00197222
0.00677152
0.00559595
nan
nan
nan
0.0235799
0.8534360000000002
0.8822080000000003
0.8510799999999997
0.0516029
0.531737
0.9649590000000002
nan
nan
nan
nan
nan
nan
nan
nan
nan
nan
nan
nan
nan
nan
nan
nan
nan
nan
0.537075
0.5968850000000001
0.6435
0.642489
0.6316620000000001
0.9776789999999997
0.5112840000000003
nan
0.00558068
nan
0.0147071
nan
nan
nan
nan
0.00390028
0.053225600000000005
0.039553700000000004
0.0392017
0.0949298
0.8594169999999997
0.9022729999999998
0.5688546949152542
nan
nan
nan
nan
nan
nan
nan
0.612348
nan
nan
nan
nan
nan
nan
nan
nan
nan
nan
nan
nan
nan
0.5733790000000001
0.6201989999999997
0.9567650000000002
0.5277580000000003
0.05213389999999999
nan
0.4696299999999999
0.00456199
0.00559419
nan
nan
nan
nan
0.04521200000000001
0.478817
0.9384529999999996
0.658614
0.6741599999999998
0.627681
0.5623599999999999
0.571376
nan
nan
nan
nan
nan
nan
0.659352
0.5604419999999998
0.5585990000000001
nan
nan
nan
nan
nan
nan
nan
nan
nan
nan
0.541076
0.9446329999999996
0.859113
0.0262288
0.00673274
0.0278406
0.8677469999999997
0.0428716
nan
nan
nan
nan
nan
0.0565417
0.8524170000000001
0.9575290000000001
0.973386
0.9423709999999996
0.902279
0.8829329999999995
0.755668
nan
nan
0.6123479999999999
0.6123479999999999
nan
nan
nan
0.6335429999999997
nan
nan
nan
nan
nan
nan
nan
nan
0.5500329999999999
0.8503410000000001
0.6604569999999996
0.9529600000000004
0.8687920000000001
0.0872132
0.022692599999999997
0.0531081
0.6327470000000002
0.7524420000000002
0.442402
0.0159913
0.00528986
nan
nan
nan
0.00428333
0.4815940000000001
nan
nan
0.00311894
0.0674051
0.018477500000000004
0.9081860000000002
nan
0.6113479999999999
0.81705
0.6353250000000001
nan
nan
nan
0.6180609999999999
nan
nan
nan
nan
nan
nan
nan
nan
nan
0.8203669999999997
0.759372
0.5635880000000001
0.0393302
0.0118389
nan
0.7677089999999999
0.9706329999999997
0.9274989999999999
0.909467
0.10314200000000001
0.0418135
0.016859800000000005
nan
nan
nan
nan
0.00190028
0.024341
0.5030669999999999
0.864179
0.7312919999999997
0.873844
0.6578069999999999
0.8589430000000001
0.8254539999999999
0.6230589999999997
nan
nan
nan
0.8298249999999998
0.5563900000000002
nan
nan
nan
nan
nan
nan
0.6079840000000001
0.8455510000000002
0.8429459999999996
0.7742139999999998
0.06503550000000001
0.0239743
nan
0.6644990000000001
0.9776719999999998
0.612551
0.971914
0.8921880000000005
0.5251450000000002
0.5123529999999998
0.037402
0.00837373
nan
nan
nan
nan
0.906566
0.8194749999999998
0.6123480000000001
0.6168269999999999
0.9067200000000001
0.9189869999999998
0.983873
0.60683
nan
nan
nan
0.5035439999999998
0.8367709999999999
0.5536690000000001
nan
0.6058209999999999
nan
nan
0.639083
0.5772120000000002
0.558075
0.8793529999999999
0.8689920000000002
0.05518699999999999
0.053712
0.00782778
0.49101299999999987
0.948454
0.6365649999999999
0.5586289999999999
0.8114089999999999
0.8979309999999999
0.878095
0.9377560000000001
0.589409
0.012023
0.000854054
nan
nan
nan
0.0120167
0.5374109999999999
0.8219329999999997
nan
0.6865459999999999
0.9510919999999999
0.5683600000000001
nan
nan
nan
nan
0.504254
0.94446
0.5728409999999999
nan
0.6162569999999998
nan
nan
0.9816430000000003
0.8787770000000001
0.9435920000000001
0.9449330000000002
0.09734740000000001
0.0465021
0.00762778
0.6760270000000003
0.8939579999999996
0.8087040000000001
0.557318
0.6356949999999999
0.6807109999999998
0.9716739999999999
0.952079
0.889057
0.721261
nan
0.00796557
0.0553306
0.06108990000000001
0.0023153
nan
0.010321
0.8809850000000002
0.7896850000000004
nan
nan
nan
nan
0.566376
0.6123479999999999
nan
0.4995539999999999
0.9703899999999998
0.527269
0.6380040000000001
0.8029779999999999
nan
nan
0.5765270000000002
0.9431990000000001
0.4529240000000001
0.0178054
nan
0.0175837
0.41137100000000015
0.8388939999999999
0.634783
0.523726
nan
nan
0.8578159999999998
0.6504599999999999
0.8042749999999997
0.9164429999999998
0.038102
0.00346262
0.00532929
0.6270140000000001
0.9807650000000001
0.6070140000000003
0.00787042
0.00804652
0.013023
0.8877469999999998
0.5994000000000002
0.6028620000000001
nan
0.6020669999999999
0.5610039999999997
0.610348
0.575212
0.5848560000000003
0.9621089999999999
0.789706
0.623357
0.5667260000000001
nan
0.5655260000000001
0.8688590000000003
0.8769489999999999
0.3225650000000001
0.011545599999999998
0.0349259
0.5557090000000001
0.8435660000000001
0.5667710000000001
0.9394489999999999
0.817723
0.5039170000000001
nan
0.9850449999999996
0.8336349999999999
0.85968
0.0170911
0.08774570000000001
nan
0.0546258
0.9070009999999996
0.8290899999999999
0.9715170000000005
0.473522
nan
0.00559419
0.44687599999999994
0.801573
0.79459
0.7877849999999998
0.969098
0.7948000000000001
nan
0.5571469999999998
0.6078209999999998
0.9679880000000001
0.982448
0.640969
nan
0.5762119999999998
0.7979440000000001
0.9659060000000005
0.5255179999999999
0.0170385
0.011545599999999998
0.44191400000000003
0.9251159999999998
0.7861399999999998
0.841165
0.9051030000000003
0.9471580000000002
0.4986689999999998
nan
0.8471190000000001
0.9096879999999996
0.0175032
0.44162599999999996
0.5020129999999998
0.00210054
0.0740379
0.9712630000000002
0.6711559999999998
0.8067910000000003
0.8971510000000001
0.0398163
0.00738095
0.0116686
0.47893699999999984
0.7759630000000003
0.843901
0.8991830000000003
0.8475270000000001
0.6480269999999999
0.64215
0.605767
0.9822089999999997
0.808319
0.5762119999999998
0.5762119999999998
0.6018619999999999
0.966498
0.7959310000000002
0.0109353
0.0115456
0.39607899999999996
0.930097
0.9639059999999997
0.6143609999999999
0.5633180000000001
0.5306715683453236
0.5881109999999998
0.4781479999999999
nan
0.8684949999999999
0.2891340000000001
0.8441359999999998
0.935877
0.0111353
0.0108263
0.43347499999999994
0.7968659999999999
nan
0.6243420000000002
0.7822340000000001
0.9224599999999998
0.07014030000000002
0.0107274
0.050136900000000005
0.0518425
0.046246
0.12053199999999997
0.8309189999999997
0.8568990000000001
0.6196039999999999
0.9443009999999997
0.922527
0.64599
nan
0.5673599999999998
0.8388709999999998
0.900498
0.0786918
0.0130575
0.361912
0.911964
0.8841580000000001
0.7799969999999999
0.8302579999999999
0.4983110000000001
nan
nan
nan
nan
0.4839649999999998
0.9129350000000005
0.882435
0.8371800000000001
0.0403666
0.027428
0.40421400000000013
0.9395339999999999
0.5633600000000002
nan
nan
0.6375730000000001
0.9822089999999997
0.8147409999999999
0.7868970000000001
0.8252020000000001
0.8809839999999999
0.7834529999999998
0.3838879999999999
0.7210380000000001
0.8772870000000002
0.916148
0.8620910000000002
0.5592230000000002
0.596608
0.83873
0.9278989999999999
0.4740590000000001
0.0113411
0.0272025
0.827539
0.8244290000000001
0.5920289999999998
nan
nan
nan
nan
nan
nan
nan
0.898156
0.7207410000000003
0.9762280000000002
0.0212938
0.0132847
0.0850636
0.501772
0.6476770000000001
0.843433
0.6384090000000003
nan
nan
nan
nan
0.6020669999999999
0.8096050000000001
0.9187799999999999
0.967897
0.9006360000000004
0.9273349999999999
0.9247750000000001
0.9474520000000001
0.9781060000000001
0.7944459999999998
0.7896339999999997
0.9474820000000003
0.3982409999999999
0.0154827
0.0480545
0.5255770000000001
0.9178540000000001
0.8235279999999998
0.5877309999999998
0.5877309999999998
nan
nan
nan
nan
nan
nan
0.977181
0.6362610000000003
0.748232
0.03537479999999999
0.5935369999999996
0.964689
0.7737999999999999
0.8695699999999996
0.896122
0.807815
0.6000290000000003
nan
nan
nan
0.576212
0.576212
0.630973
0.612043
nan
0.613037
0.599995
0.5918790000000003
0.8096939999999999
0.8738960000000001
0.8579880000000002
0.026096399999999995
0.0353119
0.0999231
0.7837329999999999
0.9480149999999998
0.8598160000000002
0.7848749999999998
0.601606
0.60855
0.579928
nan
nan
nan
nan
nan
0.6493190000000003
0.5784530000000001
0.5124700000000002
0.0444671
0.8695699999999997
0.686842
0.5644080000000001
0.8096370000000003
0.9214680000000001
0.8476239999999996
0.6366170000000001
nan
nan
nan
nan
nan
nan
nan
nan
nan
nan
0.6018619999999998
0.9599059999999999
0.660923
0.3036129999999999
0.0363044
0.0172861
0.9355450000000001
0.7865789999999998
0.809163
0.8932560000000005
0.9326520000000004
0.970281
0.5698939999999998
0.564223
nan
0.4986439999999999
nan
nan
nan
nan
0.799996
0.4369159999999999
0.0492901
0.875314
0.5609079999999999
nan
0.6096529999999999
0.664965
0.56236
0.5907479999999998
nan
nan
nan
nan
nan
nan
nan
nan
nan
0.5652229999999999
0.9758809999999999
0.8180599999999999
0.9616129999999999
0.956703
0.818487
0.4512360000000001
0.9295430000000001
0.7969540000000002
0.664425
0.5651650000000001
0.975713
0.8933980000000002
0.7890159999999999
0.63626
0.5725189999999999
nan
nan
nan
nan
nan
0.9402500000000005
0.562612
0.446735
0.9208230000000002
0.6641649999999998
nan
nan
nan
nan
nan
nan
nan
nan
nan
nan
nan
nan
nan
0.552303
0.638029
0.9626020000000004
0.9580859999999998
0.7669069999999999
0.5816230000000001
0.9745360000000001
0.8330509999999998
0.924751
0.8073110000000001
nan
nan
0.5755359999999999
0.658123
0.4983110000000001
nan
0.4954249999999999
nan
nan
nan
nan
0.6603580000000001
0.9053520000000002
0.9541769999999998
0.9075770000000001
0.9140119999999997
0.6899049999999999
nan
nan
nan
nan
nan
nan
nan
nan
nan
nan
nan
nan
nan
nan
nan
0.7606279999999996
0.6567410000000001
nan
0.5021440000000001
0.6376410000000001
0.9696189999999998
0.7850150000000001
0.8453220000000002
0.5917630000000002
nan
0.5808559999999999
0.564223
0.5272690000000002
nan
nan
nan
nan
nan
nan
0.7298799999999995
0.7991909999999999
0.6866789999999999
0.877758
0.888357
0.8420769999999999
0.6008280000000001
nan
nan
nan
nan
nan
nan
nan
nan
nan
nan
nan
nan
nan
nan
0.5573029999999998
0.6605809999999998
nan
nan
nan
0.6617189999999998
0.9172690000000002
0.7670080000000002
0.5730079999999999
nan
0.49539999999999995
0.588304
0.6465680000000003
0.5859560000000003
nan
nan
nan
nan
nan
0.6402419999999999
0.56821
nan
0.7957519999999999
0.9529970000000001
0.9024509999999999
0.6131599999999999
nan
nan
nan
0.5848979999999999
0.5629850000000001
nan
nan
nan
nan
nan
nan
nan
nan
0.5106770000000002
0.602475
nan
nan
nan
0.5960120000000001
0.7621869999999998
0.5925129999999998
0.8359539999999996
0.5930160000000002
0.5573029999999999
0.5671749999999998
0.955145
0.7615530000000001
0.497887
nan
nan
nan
nan
nan
nan
nan
nan
0.633301
0.7961099999999999
0.8346169999999999
0.5315260000000002
nan
nan
nan
0.612405
0.7553669999999999
0.5315260000000002
nan
nan
nan
nan
nan
nan
0.6663040000000001
0.7971339999999999
0.600546
nan
0.591043
nan
nan
nan
0.5867760000000001
0.6703420000000002
0.5568349999999997
0.5508189999999996
0.797581
0.9333280000000002
0.766565
nan
nan
nan
nan
nan
nan
nan
0.557651
0.6259579999999998
0.807877
0.6959090000000001
nan
nan
nan
nan
nan
nan
0.6884420000000002
0.9468300000000002
0.5280259999999998
0.656815
0.591971
nan
nan
0.5071769999999999
0.7850989999999999
0.7533779999999999
0.596012
0.560876
0.6366100000000001
0.5642600000000001
nan
nan
0.5050809999999999
nan
nan
0.4987470000000001
0.8830690000000003
0.9491599999999999
0.7343640000000001
0.584416
nan
nan
nan
nan
nan
nan
0.769335
0.8908030000000002
0.9557420000000002
0.8377080000000002
0.556469
nan
nan
nan
nan
nan
0.591304
0.9107510000000001
0.8890300000000001
0.761043
nan
nan
0.5021440000000003
0.661362
0.904355
0.894325
0.5094849999999997
0.6426749999999998
0.8349960000000001
nan
nan
nan
nan
nan
0.529062
0.953265
0.7571139999999998
0.85323
0.8693380000000002
0.5383789999999999
nan
0.499643
nan
nan
nan
nan
0.8060289999999999
0.7589360000000003
0.7535830000000004
nan
nan
nan
0.617368
0.6767769999999999
0.5648929999999999
nan
nan
0.7870099999999999
0.7667560000000001
0.6603620000000001
nan
nan
0.6465639999999999
0.699204
0.9279439999999999
0.9067840000000001
0.8514499999999999
0.8499850000000002
0.6017070000000001
nan
nan
nan
nan
0.503087
0.8678969999999999
0.8647919999999996
0.7951879999999999
0.9209150000000002
0.5713939999999998
nan
nan
0.4996429999999999
0.618544
nan
nan
