nan
nan
nan
0.114806
0.711831
0.703484
0.7561199999999998
0.785209
0.7386879999999998
0.834436
0.8569069999999999
0.7849659999999999
0.47934400000000005
0.03539710000000001
nan
0.001
nan
0.0238737
0.0160072
0.28925800000000007
0.231648
0.0383774
0.00547579
nan
0.040816599999999995
0.84239
nan
nan
nan
0.5789359999999999
0.747566
0.8531820000000002
0.75251
0.7621769999999999
0.6989679999999999
0.0375069
0.00166667
nan
nan
nan
nan
nan
0.0103052
0.7513589999999998
0.7141859999999999
0.399837
0.8066929999999998
0.8244740000000002
0.8171250000000001
0.8361470000000002
0.8408059999999999
0.6433359999999999
0.0020873
0.013775
0.00367063
nan
0.00266667
nan
nan
nan
0.00306111
nan
nan
0.0210282
0.8368370000000002
0.4849729999999998
nan
nan
nan
0.6033559999999999
0.7472380000000002
0.8353979999999999
0.7137650000000001
0.7162330000000001
0.3503770000000001
0.15740000000000012
nan
nan
nan
nan
0.001
nan
0.00123072
0.247129
0.756132
0.377407
0.7398940000000003
0.7612059999999999
0.789041
0.8065160000000002
0.8164839999999999
0.834574
0.23464600000000002
0.6956050000000001
0.752322
0.312353
0.005230950000000001
nan
nan
nan
nan
nan
nan
0.22460699999999992
0.7637039999999999
0.40133399999999997
nan
nan
0.47533200000000003
0.53051
0.5144210000000002
0.8454049999999996
0.8887809999999998
0.607354
0.18242000000000005
0.044745599999999996
nan
nan
nan
0.007875
0.000579365
nan
nan
nan
nan
nan
0.0064619
0.3728419999999999
0.7979499999999999
0.6120749999999999
0.779082
0.579434
0.6608850000000001
0.7647650000000001
0.8446710000000001
0.7091529999999999
0.0470263
nan
0.050292099999999985
0.7264639999999999
0.353242
0.0121381
0.026886100000000003
0.04204580000000001
0.8501119999999998
0.8482520000000003
nan
0.44821099999999997
0.5177850000000002
0.8863000000000002
0.5772019999999999
0.6176549999999998
0.8405590000000001
0.8520850000000001
0.600677
0.3285
0.0074004
nan
0.0112444
nan
0.0361786
nan
nan
nan
0.30186700000000016
0.7878170000000001
0.8139849999999998
0.8470200000000001
0.840212
0.863061
0.8187529999999998
0.8422369999999999
0.8570410000000002
0.836745
0.8805009999999998
0.8417410000000003
0.26925200000000005
0.0211841
0.7330170000000003
0.848025
0.47762000000000004
0.0283175
0.2652070000000001
0.705765
0.840224
nan
nan
0.41014900000000004
0.6908299999999999
0.729598
0.7712020000000002
0.758426
0.773699
0.20052899999999996
0.0479548
0.0164639
nan
nan
nan
nan
nan
nan
nan
0.0527016
0.686243
0.8276000000000001
0.80985
0.8190660000000001
0.5642610000000001
0.6146270000000001
0.5537739999999998
0.5908660000000001
0.699483
0.175509
0.20813499999999996
0.0546668
0.0034381
0.5111790000000002
0.8354040000000003
0.8499529999999998
0.6204609999999999
0.5053470000000001
0.8256829999999997
0.5605840000000001
0.42591299999999993
nan
nan
0.405977
0.7984720000000003
0.891869
0.8973189999999998
0.6666429999999998
0.6104609999999999
0.15982699999999997
0.00727897
nan
nan
nan
nan
nan
nan
nan
nan
0.276729
0.7295939999999997
0.843238
0.839067
0.810195
0.8413459999999999
0.566737
0.4784259999999998
0.876517
0.698826
0.7036509999999999
0.6246330000000002
0.276469
0.616625
0.7849499999999999
0.6460319999999999
0.7680209999999998
0.7327890000000001
0.8500780000000001
0.49119700000000005
nan
nan
0.6231999999999999
0.8433589999999999
0.597948
0.7888999999999999
0.618653
0.4418719999999998
0.5299579999999999
0.2858859999999999
0.0270937
0.0336488
nan
nan
nan
nan
nan
0.00177619
nan
nan
0.0236163
0.7196899999999999
0.816605
0.7224709999999999
0.754558
0.847684
0.8848699999999999
0.8330870000000002
0.855607
0.5889449999999999
0.5443270000000001
0.5570050000000002
0.8171080000000001
0.8813539999999999
0.5676959999999998
0.5931090000000001
0.6480060000000001
0.516019
nan
nan
nan
nan
0.4430040000000001
0.6258369999999998
0.9010549999999998
0.6968779999999999
0.5712640000000001
0.16910900000000004
0.034002399999999995
0.0196218
0.00521508
0.0166337
nan
nan
0.0065123
nan
nan
0.00707587
nan
nan
0.00897262
0.611402
0.721768
0.1851369999999999
0.029160300000000004
0.30564800000000003
0.7259679999999998
0.6410869999999999
0.878239
0.568614
0.8241519999999998
0.6209630000000002
0.613132
0.626373
0.728475
0.781368
0.8833390000000001
0.481039
nan
nan
nan
nan
0.41824399999999995
0.4496620000000001
0.6485100000000001
0.3665149999999999
0.025351999999999996
0.024619
0.0113425
nan
nan
nan
nan
nan
nan
nan
nan
nan
nan
0.00463413
0.12671
0.29858400000000007
0.324367
0.0161028
0.013529
0.00748532
0.0343143
0.6844359999999999
0.875057
0.5208240000000001
0.772614
0.7370169999999999
0.1737
0.0109972
0.26594199999999985
0.76755
0.7972039999999998
0.44670400000000005
0.6180549999999999
0.555524
nan
nan
0.557024
nan
0.6518379999999999
0.5638560000000001
0.031652400000000004
0.0163317
nan
nan
nan
0.001
nan
nan
nan
0.0898772
nan
nan
nan
0.0106484
0.0106853
0.21678100000000008
nan
nan
0.00650397
0.0471317
0.5343340000000001
0.8889169999999998
0.845807
0.684838
0.5918289999999998
0.8763579999999997
0.118525
0.185169
0.8900280000000002
0.8257130000000001
0.446263
0.5923480000000001
0.8908530000000002
0.8368590000000002
nan
0.5068669999999998
0.7886629999999999
nan
0.41028100000000006
0.6330700000000001
0.20698100000000008
nan
0.0016
nan
nan
nan
nan
0.029038500000000002
nan
0.0163566
nan
nan
nan
nan
0.0132805
0.0653417
nan
0.033202
0.6347880000000001
0.775397
0.7846770000000001
0.8086939999999999
0.6202810000000001
0.7216769999999998
0.6181929999999999
0.23479999999999993
0.0337881
0.19085599999999997
0.891942
0.6477769999999998
0.46380800000000016
0.7989219999999999
0.5905419999999999
0.7178339999999999
nan
0.6171829999999999
0.8270389999999997
0.89747
0.41552999999999995
0.8234580000000001
0.578507
nan
nan
nan
nan
nan
nan
nan
nan
nan
nan
nan
nan
nan
nan
nan
0.007532939999999999
0.28741199999999995
0.699052
0.6858659999999999
0.6008149999999999
0.8896180000000004
0.7888000000000001
0.7998849999999998
0.6233919999999997
0.0185421
0.0353345
0.6123589999999999
0.8399269999999999
0.41930600000000007
0.594532
0.7492339999999998
0.537379
0.7106310000000001
nan
nan
0.6688960000000002
0.8272389999999997
0.4733919999999998
0.53655
0.16767300000000004
0.005
nan
nan
nan
nan
nan
nan
nan
nan
0.0182925
nan
nan
nan
nan
nan
0.0144714
0.311813
0.5911039999999999
0.22905500000000004
0.6379349999999999
0.8272839999999999
0.8191769999999999
0.63491
0.00683016
0.00280833
0.39081200000000005
0.767335
0.5926320000000002
0.42334700000000003
0.669303
0.557144
0.19686
0.7512059999999999
nan
nan
nan
0.6899049999999998
0.524302
0.20429799999999995
0.0198519
0.001
nan
nan
nan
nan
nan
nan
0.0379153
0.225523
0.610415
0.00288571
0.00288571
nan
0.0463595
nan
nan
0.03494010000000001
0.22888700000000006
0.205957
0.630267
0.869103
0.415238
0.21523799999999998
0.00603968
nan
0.363999
0.6926709999999999
0.693512
0.8218479999999999
0.6397159999999997
0.532851
0.188648
0.8044550000000003
nan
nan
nan
nan
0.6862619999999998
0.5214459999999999
0.0219627
0.0021
nan
nan
0.03581940000000001
nan
nan
nan
nan
0.0423298
nan
nan
nan
0.00471429
nan
0.000819048
nan
nan
0.0227933
0.19516999999999998
0.37255099999999997
0.6335770000000002
0.0632403
nan
nan
nan
0.0188238
0.21878
0.5857359999999998
0.8931730000000003
0.6434259999999998
0.5319519999999999
0.14809
0.7640049999999999
nan
nan
nan
nan
0.43537900000000007
0.7749500000000002
0.5045890000000002
0.018077000000000003
nan
nan
nan
nan
nan
nan
nan
nan
0.046383699999999986
0.00530511
nan
nan
nan
nan
nan
nan
nan
0.0428158
0.0545321
0.0196806
nan
nan
0.0314633
0.37317600000000006
0.6159020000000001
0.600337
0.8127230000000001
0.6841910000000001
0.7948810000000001
0.573638
0.2739259999999999
0.5099000000000001
0.7700549999999998
nan
nan
nan
0.4097119999999999
0.8044719579288027
0.759565
0.10032499999999996
nan
0.00333452
nan
0.00689802
nan
nan
nan
nan
nan
0.0483151
0.09255320000000004
nan
nan
nan
0.00479444
nan
nan
nan
nan
nan
nan
0.22873900000000005
0.2883269999999999
0.5855129999999997
0.692736
0.6337510000000001
0.4250150000000001
0.46922300000000006
nan
0.6407899999999997
0.836378
0.578669
0.3985640000000001
nan
0.4281540000000001
0.7583200000000001
0.752433
0.7293740000000001
0.45129500000000006
0.0950907
nan
nan
nan
nan
nan
nan
0.0330179
nan
nan
0.25417000000000006
0.24442399999999997
0.058531699999999985
nan
nan
nan
0.00170079
nan
nan
nan
0.0196876
0.20358700000000007
0.772068
0.7913350000000001
0.4386419999999999
0.4575419999999999
nan
nan
0.4126150000000001
0.7031690000000002
0.6732220000000001
0.6522859999999999
0.7966129999999999
0.3995639999999998
0.7029449999999999
0.6723739999999999
0.5503690000000002
0.40904000000000007
0.32708700000000007
0.04945
nan
nan
nan
nan
nan
nan
nan
0.016365899999999996
0.199022
0.302824
0.688671
0.5544760000000002
0.22714399999999996
0.03547
nan
nan
nan
nan
0.0257024
nan
0.04293410000000001
0.2378840000000001
0.5460060000000001
0.8197829999999998
0.8163979999999997
0.41585999999999995
0.524915
0.4005409999999997
nan
0.3996840000000001
0.7685840000000002
0.033671
0.0143548
0.8309440000000001
0.5320540000000002
0.26732799999999995
0.0146333
0.00535714
0.005271830000000001
nan
nan
nan
nan
nan
nan
0.00194643
nan
nan
nan
0.00500794
0.831415
0.8913620000000002
0.5849869999999999
0.30052199999999996
0.22071000000000002
nan
nan
nan
nan
nan
nan
nan
0.10147899999999999
0.2897980000000001
0.7578079999999999
0.754411
0.686693
0.8600110000000001
0.6850629999999999
0.5327169999999999
0.43800699999999987
0.29634
0.0081369
0.2958969999999999
0.04411389999999999
0.004125
nan
0.00310397
0.00179167
nan
nan
nan
nan
nan
nan
nan
nan
nan
nan
nan
0.31831200000000004
0.54438
0.26376700000000003
0.10579499999999996
0.2255250000000001
0.00155357
nan
nan
nan
nan
nan
nan
0.00134722
0.2856370000000001
0.7611059999999998
0.7667419999999998
0.256848
0.280392
0.743032
0.8082279999999997
0.7674659999999999
0.573169
nan
nan
nan
nan
0.0075619
0.27817900000000007
0.2763900000000001
0.006625
0.0474151
nan
nan
nan
nan
nan
nan
0.00217143
0.000946429
nan
nan
0.0279623
nan
0.002225
nan
nan
nan
nan
nan
nan
nan
nan
0.0811361
0.6314849999999997
0.778087
0.51013
0.0375615
0.250591
0.7452709999999999
0.42849799999999993
0.27836299999999997
0.0275635
nan
nan
nan
0.23344800000000002
0.42795100000000014
0.7482040000000001
0.5309689999999999
0.0150369
nan
nan
0.000946429
0.00217143
nan
0.0159099
0.0264671
nan
nan
0.000946429
nan
nan
nan
0.003
nan
nan
nan
nan
nan
nan
nan
nan
nan
0.22747100000000006
0.35044800000000004
0.05394960000000001
0.0165778
0.07469330000000002
0.638437
0.520787
0.032973
0.00407692
nan
0.290808
0.756504
0.6912909999999998
0.6903680000000001
0.7432649999999998
0.2516840000000001
0.03451939999999999
0.000946429
nan
nan
nan
0.262547
0.284981
0.0200488
nan
nan
0.00493539
nan
nan
nan
nan
nan
nan
nan
nan
nan
nan
nan
0.0466008
nan
0.00409127
0.00536905
0.0209861
nan
nan
0.0213702
nan
nan
nan
0.326356
0.516191
0.43889900000000004
0.680683
0.7316970000000002
0.48043599999999986
0.00236905
0.00254643
nan
0.00314643
nan
0.0415397
0.49170500000000006
0.508739
0.2738909999999999
0.03279320000000001
0.00389683
nan
nan
nan
nan
nan
nan
nan
nan
nan
nan
nan
nan
nan
0.00328571
0.000819048
nan
nan
nan
0.0474595
nan
nan
0.1813
0.39018099999999994
0.655365
0.6375019999999999
0.7310990000000003
0.6259740000000001
0.5597760000000002
0.03567979999999999
nan
nan
nan
nan
nan
0.0231782
0.5879979999999999
0.447694
0.5356209999999999
0.27452800000000005
0.20042
0.0200857
nan
nan
nan
nan
nan
nan
nan
nan
nan
nan
nan
nan
4.44444e-05
nan
nan
0.00156944
0.00878333
0.04627219999999999
0.11973799999999997
0.28667
0.24801900000000004
0.295146
0.43894099999999986
0.4887020000000001
0.4843039999999999
0.5207319999999998
0.162663
nan
nan
nan
0.000946429
nan
nan
0.19837700000000003
0.5892780000000001
0.5937289999999997
0.5364500000000001
0.6969529999999999
0.5735450000000001
0.31577400000000005
nan
nan
nan
nan
nan
nan
nan
0.001
nan
nan
nan
nan
nan
nan
nan
0.0172802
0.0274877
0.04572940000000002
0.07124329999999998
0.025632900000000004
0.00406905
0.00353571
0.26883699999999994
0.2892040000000001
0.15993699999999994
nan
nan
nan
0.00314643
nan
0.000946429
0.00371032
0.287474
0.5640289999999999
0.575011
0.5831129999999999
0.5406479999999999
0.7130479999999999
0.7889329999999999
0.5957879999999999
nan
nan
nan
nan
nan
nan
nan
0.001
nan
0.001
nan
nan
nan
nan
nan
nan
nan
nan
nan
nan
nan
nan
0.025036800000000005
nan
0.0283988
nan
nan
nan
0.0212778
nan
0.000671429
0.0442679
0.0379528
0.178445
0.0292921
0.3004570000000001
0.541265
0.539043
0.564394
0.6699710000000001
nan
nan
nan
nan
nan
0.24990900000000002
0.0450988
nan
nan
nan
nan
0.000244444
0.08712579999999998
0.0193758
nan
nan
nan
nan
nan
nan
nan
nan
nan
nan
0.0012
0.0153313
0.0193313
0.018277800000000004
0.0162778
0.0162778
nan
nan
nan
nan
nan
0.03461940000000001
0.0185635
0.27935499999999996
0.5423299999999999
0.5881200000000001
nan
nan
nan
nan
nan
0.195212
0.54289
0.652751
nan
nan
nan
nan
nan
0.0193758
0.015375799999999998
0.08712580000000002
nan
nan
0.015375800000000002
0.0153758
0.0153758
nan
0.0193313
0.0193313
0.0290813
0.00314643
nan
nan
0.00527706
0.00727983
nan
0.00527706
0.0126921
nan
0.001
0.040352799999999994
0.00586289
0.00256905
0.178388
0.26852499999999996
nan
nan
nan
nan
nan
nan
0.7144950000000001
0.7788470000000002
0.178644
0.0076004
4.44444e-05
0.0184151
nan
0.00124444
0.0193758
0.0153758
0.015375800000000002
0.015375799999999998
nan
0.0153758
0.0153758
0.0153313
0.0153313
0.0193313
0.0012
nan
nan
0.00827983
nan
0.0532901
0.00587706
0.00527706
0.06136729999999999
0.0740968
0.06266309999999999
0.0453325
0.03765990000000001
0.05394500000000001
0.0377353
0.0643083
nan
nan
nan
nan
nan
nan
0.67763
0.6936350000000002
0.655274
0.6188510000000002
0.16835599999999998
nan
0.00153333
nan
0.0153758
nan
0.0153758
0.0153758
0.0163758
0.029125799999999997
nan
nan
nan
nan
0.00865483
nan
0.0644774
nan
0.301803
nan
0.00327821
nan
0.04723730000000001
0.25520800000000005
0.572915
0.566314
0.251437
0.0425663
0.072948
0.05405440000000001
nan
nan
nan
nan
nan
0.7344640000000001
0.6735389999999999
0.611744
0.5141970000000002
0.5098459999999999
0.599846
0.161202
nan
0.0140563
nan
0.0145702
0.014570199999999997
nan
nan
nan
nan
nan
nan
nan
0.002
nan
0.0958754
0.388499
0.28658700000000004
0.039122
nan
nan
0.0379359
0.28168499999999996
0.60929
0.6973459999999999
0.5453770000000002
0.5095049999999999
0.580429
0.549753
nan
nan
nan
nan
nan
0.657458
0.6835410000000002
0.5723749999999999
0.5011849999999999
0.5470079999999999
0.6748719999999999
0.49749299999999996
0.21901400000000004
0.029811099999999997
0.0169941
0.0193758
nan
nan
nan
nan
0.00576071
0.138214
0.151949
0.08270869999999998
nan
0.21204400000000004
0.5187290000000002
0.5689609999999999
0.16012800000000002
0.0465181
nan
nan
0.04377520000000001
0.24474999999999997
0.6388920000000001
0.46450399999999986
0.717625
0.588057
0.63978
0.652349
nan
nan
nan
nan
nan
0.746149
0.7681259999999999
0.46827
0.333208
0.6219640000000002
0.5661649999999998
0.45095599999999997
0.0376658
nan
0.0119941
nan
nan
0.0294084
0.00581317
0.0194222
0.0368887
0.007755949999999999
0.32122999999999996
0.5497909999999999
0.4089869999999999
0.6101120000000001
0.5526439999999999
0.586532
0.12604300000000002
0.0413761
0.00949812
0.0144204
0.00573224
0.045169400000000005
0.327059
0.622575
0.44894200000000006
0.729227
0.5528560000000001
0.5451100000000001
nan
nan
nan
nan
nan
nan
0.6973219999999999
0.358528
0.10652600000000001
0.287423
0.31084400000000006
0.037275
0.0054881
0.048935400000000004
0.0290813
nan
0.00587706
nan
0.0975053
0.037638700000000004
0.00718452
0.03639379999999999
0.05139990000000001
0.143599
0.273034
0.56161
0.550051
0.5839439999999999
0.4226359999999998
0.140656
0.027477
nan
nan
0.0397016
0.127776
0.27333700000000005
0.63556
0.678034
0.5662029999999999
0.6111399999999999
nan
nan
nan
nan
nan
0.800164
0.799766
0.48472499999999985
0.00932817
0.0097881
0.00619167
0.00336944
0.00436317
nan
nan
nan
0.0194222
0.0113758
0.12124800000000001
0.11158800000000002
0.171823
0.25819800000000004
0.12257000000000001
0.16012500000000005
0.491033
0.633356
0.729024
0.44272200000000006
0.445719
0.075617
0.00409643
0.023682899999999996
0.00161071
0.13073
0.525219
0.683892
0.726287
0.6443749999999999
0.6671500000000002
0.6938620000000002
nan
nan
nan
nan
nan
0.6813269999999999
0.5759330000000001
0.29029
0.042569
0.00591111
nan
0.0147104
0.00527706
0.00527706
0.0145258
0.0153313
nan
0.0318254
0.2747099999999999
0.27816900000000006
0.26895100000000005
0.482364
0.680412
0.6428159999999999
0.5481910000000001
0.5336790000000002
0.4959879999999998
0.7057890000000001
0.6385570000000003
0.098852
0.03199960000000001
0.0034504
0.028854399999999995
0.22058099999999997
0.5867899999999999
0.752053
0.517581
0.5999860000000001
0.57925
0.40911
nan
nan
nan
nan
nan
0.6628420000000002
0.510923
0.284951
0.23129599999999997
0.0111496
0.0151194
0.00286944
0.05570180000000001
0.00597067
0.0162778
0.031027799999999998
0.0398518
0.20827100000000007
0.146954
0.13766500000000004
0.0371777
0.03525469999999999
0.10386100000000005
0.3399399999999999
0.49295000000000017
0.6097549999999998
0.6252240000000002
0.551244
0.662135
0.07257369999999999
0.0472829
0.00256667
0.0327151
0.371095
0.5828350000000002
0.5439330000000001
0.5799579999999999
0.397525
0.6149259999999999
0.7647170000000001
nan
nan
nan
nan
nan
nan
0.6489270000000001
0.508325
0.12994
0.2194
0.28653699999999993
0.18997500000000003
0.0244651
nan
0.00977706
0.0162778
0.0110149
0.11279800000000001
0.08742930000000002
0.036047200000000015
nan
0.00733849
0.0364674
0.137071
0.138891
0.22067200000000003
0.608564
0.6228350000000002
0.6385479999999999
0.229082
0.11864800000000002
0.0212989
0.050627699999999984
0.6540869999999999
0.6124799999999999
0.5921269999999998
0.29027900000000006
0.271949
0.6174179999999999
0.521334
nan
nan
nan
nan
nan
nan
0.5608799999999999
0.5628870000000001
0.287858
0.5255770000000001
0.5099520000000001
0.75115
0.18369599999999997
0.04251
0.0979465
0.023053599999999997
0.00977706
0.00436955
0.00468859
0.0144204
nan
0.0428655
nan
0.027267099999999996
0.0394444
0.40754499999999994
0.5587289999999999
0.5481439999999999
0.6267250000000001
0.23749300000000004
0.19851299999999988
0.051360700000000016
0.12785400000000002
0.38802899999999996
0.567678
0.296256
0.140179
0.09031350000000002
0.21619600000000003
0.593706
nan
nan
nan
nan
nan
nan
nan
0.745863
0.510979
0.566885
0.5504612432432432
0.33418399999999987
0.052201500000000005
0.00692669
0.0107707
0.0107707
nan
0.0216767
0.0216767
0.0282651
nan
0.0198861
0.104696
0.11941999999999998
0.203456
0.6589289999999999
0.5407289999999999
0.531213
0.6004800000000001
0.34275600000000006
0.138916
0.08961670000000001
0.0591206
0.10157799999999999
0.13300100000000004
0.12079799999999999
0.10306300000000003
0.5290710000000001
0.41917299999999985
0.607933
nan
nan
nan
nan
nan
nan
0.5469179999999999
0.7405640000000003
0.5111309999999999
0.492896
0.2452910000000001
0.0351768
0.00152629
nan
nan
nan
0.00359325
0.0304038
0.03642879999999999
0.024545299999999996
0.0718121
nan
0.10277099999999997
0.4121389999999999
0.5280610000000001
0.5923889999999998
0.5789619999999998
0.41879199999999994
0.5479349999999997
0.610226
0.4041120000000001
0.0963492
0.071615
0.06833730000000002
0.1151
0.23760199999999995
0.6496459999999997
0.5035129999999999
0.60288
0.759575
nan
nan
nan
nan
nan
nan
nan
0.629444
0.4369370000000001
0.6434059999999999
0.25565099999999996
0.055763099999999996
0.0323058
nan
0.00152629
0.0261917
0.0246944
0.00398611
0.000986111
0.00386508
0.0646692
nan
0.06214919999999998
0.124739
0.415906
0.6348780000000002
0.6157209999999999
0.6236290000000001
0.638794
0.40567300000000006
0.639292
0.152713
0.152916
0.233822
0.42224600000000007
0.6134959999999998
0.47864799999999996
0.7349789999999999
nan
0.5416879999999998
nan
nan
nan
nan
nan
nan
nan
0.5721179999999999
0.575724
0.5093030000000001
0.43988499999999997
0.05552929999999999
0.00322659
0.00365129
0.03314439999999999
0.172347
0.05906150000000003
0.0976969
0.146737
0.0938925
0.00345833
nan
0.00588044
0.04161510000000001
0.11594000000000002
0.41842899999999994
0.5583030000000001
0.41187099999999993
0.410337
0.4797780000000001
0.195603
0.230391
0.39982599999999996
0.6090769999999999
0.461848
0.47932300000000005
nan
0.5692609999999999
0.534796
0.7307059999999997
nan
nan
nan
nan
nan
nan
nan
0.777297
0.5097829999999999
0.3159909999999999
0.0561805
0.0279258
0.020532899999999996
0.00329802
0.0198861
0.13975000000000004
0.24093300000000004
0.15030999999999994
0.193069
0.0742433
0.000285714
0.0146513
0.0165742
0.0644238
0.22490300000000002
0.36324699999999993
0.42964400000000014
0.6169270000000002
0.6139910000000001
0.6137370000000002
0.6126370000000001
0.6402039999999998
0.38518700000000017
0.6385249999999999
0.746657
0.5419059999999999
0.5419059999999999
0.7185189999999998
0.476976
0.45376900000000003
nan
nan
nan
nan
nan
nan
nan
0.776916
0.7696069999999999
0.25884699999999994
0.136344
0.0248706
0.203434
0.0312123
0.0264067
0.22885099999999997
0.763332
0.5603830000000001
0.145416
0.071344
nan
0.0139117
0.0230764
0.17379299999999998
0.2684099999999999
0.5943120000000001
0.46165799999999996
0.44780499999999984
0.681858
0.44981700000000024
0.71603
0.4410620000000001
0.38248399999999977
0.6692979999999998
0.7238100000000001
0.650351
0.5983799999999999
0.5337630000000002
0.6132910000000001
0.39243400000000006
nan
nan
nan
nan
nan
nan
nan
0.48721599999999987
0.49614900000000006
0.7545040000000001
0.38896700000000006
0.2520729999999999
0.3124850000000001
0.07908930000000002
0.06395440000000002
0.14613100000000007
0.45973899999999995
0.243918
0.14229800000000004
0.049889300000000004
0.00196102
0.00545556
0.00411349
0.0845464
0.27654899999999993
0.5112040000000001
0.5387499999999998
0.438802
0.5200569999999999
0.757108
0.7393
0.44371499999999997
0.6198129999999998
0.7277389999999998
0.6618060000000001
0.7190190000000001
0.4935999999999999
0.594105
0.24673500000000007
0.17655899999999997
nan
nan
nan
nan
nan
nan
nan
nan
0.6674540000000001
0.611638
0.680496
0.6307189999999998
0.5146069999999998
0.2569069999999999
0.25488400000000005
0.132812
0.11230100000000005
0.05190989999999999
0.0188992
0.05464800000000001
0.0332456
0.00746587
0.00985794
0.06630230000000001
0.18458399999999994
0.25639999999999996
0.479338
0.590801
0.5296849999999997
0.549148
0.5696719999999998
0.721859
0.5953420000000001
0.5968730000000001
0.636661
0.5641119999999998
0.381507
0.237022
0.126961
0.12278900000000001
nan
nan
nan
nan
nan
nan
nan
nan
0.702396
0.6018090000000001
0.4929410000000001
0.7309020000000003
0.568307
0.49050200000000005
0.296584
0.0606738
0.0753504
0.1678910000000001
0.1781159999999999
0.25272200000000006
0.05966270000000002
0.0113579
0.00986587
0.0163321
0.0679468
0.12515300000000001
0.423218
0.515165
0.730978
0.534796
nan
0.551118
0.7258870000000001
0.5989180000000001
0.45171600000000006
0.28514999999999996
0.0880857
0.15061199999999997
0.0869841
0.32956900000000006
nan
nan
nan
nan
nan
nan
nan
nan
nan
0.633449
0.6888419999999997
0.5833269999999999
0.521282
0.7077769999999998
0.2097890000000001
0.21505400000000002
0.34778399999999976
0.536829
0.5348600000000001
0.7235620000000003
0.22185199999999997
0.0162936
nan
nan
0.051682499999999985
0.174662
0.41469000000000017
0.615633
0.720007
0.728717
0.7177689999999998
0.7352749999999998
0.4587769999999998
0.48915000000000014
0.23835000000000006
0.17356200000000002
0.113245
0.2536570000000001
0.23318799999999998
0.6366379999999999
nan
nan
nan
nan
nan
nan
nan
nan
nan
0.676578
0.5339960000000001
0.3822479999999999
0.8183830000000002
0.260473
0.10809999999999997
0.273717
0.5220070000000001
0.48905400000000016
0.4549730000000001
0.49235300000000004
0.5188259999999998
0.14303
0.029623
0.08070710000000002
nan
0.0706785
0.6722979999999998
0.577369
0.486022
0.6281480000000002
0.4652950000000002
0.65151
0.28777500000000006
0.30960099999999996
0.22341600000000006
0.20948699999999998
0.5486689999999999
0.36762900000000004
0.270486
0.22179700000000005
nan
nan
nan
nan
nan
nan
nan
nan
nan
0.582444
0.631176
0.78526
0.367926
0.3857340000000001
0.586767
0.36109
0.39652800000000005
0.4489700000000001
0.734275
0.693528
0.463041
0.63211
0.15943899999999997
0.00962097
nan
0.07261089999999999
0.23470499999999997
0.598067
0.680385
0.2172790000000001
0.207933
0.2576
0.15800799999999998
0.17459400000000003
0.12635299999999997
0.656269
0.588775
0.5095280000000001
0.5748160000000001
0.39123000000000013
nan
nan
nan
nan
nan
nan
nan
nan
nan
0.687049
0.5274759999999998
0.764389
0.595266
0.8056789999999998
0.6227389999999999
0.627563
0.7184949999999999
0.687162
0.533332
0.558326
0.657312053763441
0.529414
0.29236000000000006
0.07218809999999999
0.000826923
0.029734099999999996
0.08518810000000002
0.3492799999999999
0.3941299999999999
0.23687899999999992
0.16090200000000002
0.172096
0.247694
0.17858100000000002
0.15955699999999992
0.42851900000000004
0.6746870000000001
0.549061
0.6693990000000001
0.5836690000000002
nan
nan
nan
nan
nan
nan
nan
nan
nan
0.6421543121951219
0.7000510000000002
0.7478800000000003
0.43667500000000015
0.5180670000000002
0.7084849999999998
0.7152010000000001
0.7496579999999999
0.6973989999999999
0.5410399999999999
nan
0.710998
0.479129
0.7893910000000001
0.11625400000000002
0.0112865
0.0216004
0.0494113
0.22416000000000003
0.19416599999999995
0.150933
0.24111500000000002
0.33046799999999993
0.562754
0.245142
0.45341700000000007
0.289263
0.375876
0.4915269999999998
0.695201
0.716393
nan
nan
nan
nan
nan
nan
nan
nan
nan
nan
nan
0.7147850000000002
0.6915090000000002
0.587312
nan
nan
nan
nan
0.5491479999999999
0.723956
0.45411
0.7457320000000001
0.291311
0.13118400000000002
0.0496708
0.010749
0.0200073
0.0518323
0.195616
0.287277
0.434086
0.548672
0.6509359999999998
0.30069199999999996
0.4925270000000001
0.677573
0.199977
0.19410599999999997
0.5907840000000001
0.507346
nan
nan
nan
nan
nan
nan
nan
nan
nan
nan
nan
nan
nan
nan
nan
nan
nan
nan
nan
0.6191560000000002
0.7157370000000001
0.24249000000000004
0.28805600000000015
0.4989270000000001
0.257168
0.0805931
0.0403323
0.0687498
0.26904599999999995
0.49852400000000013
0.2149740000000001
0.53162
0.617233
0.20227100000000003
0.6198009999999999
0.6885390000000002
0.5189120000000002
0.491353
0.4158279999999999
0.6626390000000001
nan
nan
nan
nan
nan
nan
nan
nan
nan
nan
nan
nan
nan
nan
nan
nan
nan
nan
nan
0.739801
0.5591039999999998
0.301697
0.63983
0.6099499999999999
0.552464
0.22956599999999996
0.0766299
0.09113790000000001
0.21205300000000007
0.466716
0.433354
0.5907590000000001
0.561232
0.503804
0.39452299999999996
0.4563670000000001
0.639144
0.7337800000000002
0.627386
0.37663599999999997
nan
nan
nan
nan
nan
nan
nan
nan
nan
nan
nan
nan
nan
nan
nan
nan
nan
nan
nan
nan
0.5065860000000001
0.715687
0.5924110000000001
0.5726750000000003
0.7463929999999999
0.7341730000000001
0.10277400000000002
0.07254960000000002
0.23059100000000002
0.6855919999999999
0.7167459999999999
0.5674739999999999
0.646007
0.748316
0.592423
0.34749
0.612158
0.63936
nan
0.6752930000000001
