nan
nan
0.0069302272000000015
0.10263238596491228
0.711831
0.7034839999999998
0.7345900795411088
0.7760084498814229
0.7271914526444831
0.8326699526326965
0.8538740946453899
0.732196652691218
0.4793440000000001
0.035397099999999994
nan
0.001
4.16667e-05
0.0238737
0.0160072
0.2876268863107345
0.22327600444444443
0.038977659459459454
0.6956590053118504
0.9645679136024983
0.831827390954774
0.8730168060263651
0.9393131464019852
0.9765139666160851
0.874441174277726
0.7560815847457628
0.6264908940609951
0.9192312595936795
0.7764091073446329
0.6197435558194775
0.5890659090909091
0.5808593768606225
0.5984828665840938
0.4847249346733669
nan
nan
nan
nan
0.00906094117647059
0.7485848794805194
0.7141859999999999
0.39983699999999994
0.7797795694915253
0.8082500447019869
0.815860536328125
0.8249729190556495
0.8392106039733841
0.6321007276246333
0.0020873
0.013775000000000003
0.00367063
0.000540059
nan
0.012140299999999998
0.018237200000000002
0.00173352
0.00270673875
nan
0.015031200000000002
0.6442746638251365
0.9318474979939821
0.7762460103448277
0.8785494520276952
0.8683313139217469
0.5906477596899223
0.6990712307692308
0.5878692236205227
0.8849084774436089
0.7137650000000002
0.7162330000000002
0.5414493641255604
0.908034084278768
0.9084560735317148
0.8107450396825394
0.5460059999999999
0.503082968253968
0.044729909090909084
0.0006666664
nan
0.23322625116129034
0.7561319999999999
0.37439409084337344
0.739894
0.7587111177446103
0.7526368330097085
0.8015140307933196
0.8047572969491525
0.8284850129955947
0.23464600000000005
0.6896811510710229
0.7491821062343097
0.31235299999999994
0.00522143
0.7623105434265927
0.7996898984150944
0.007332081999999999
0.00173352
0.00205405
0.00588665
0.21480880119402979
0.5619871168831168
0.7615378344827584
0.8674744856348471
0.5503588206724783
0.743816747804266
0.8542170442477874
0.5472718196721313
0.8482949701834861
0.8887809999999999
0.6073540000000001
0.18242
0.9345930280373832
0.555343315602837
0.9708807158399364
nan
0.5177637938461537
nan
0.0028930900000000005
0.00866115
0.0062754
0.0320927975625
0.033637421219512194
0.008573614999999998
0.36304157946969695
0.79795
0.604584833677686
0.7738828061797752
0.5671275604066986
0.6591435232275132
0.7647649999999999
0.8209897330628803
0.6900300876712329
0.03526617826086958
0.7610784149367087
0.705317810251046
0.7427773879746834
0.7560441399861402
0.01175495517241379
0.037935029268292696
0.040912551562499996
0.850112
0.6007540000000001
0.9630912637271214
0.76978614380044
0.5959545058742225
0.9375018239631335
0.8532786779661015
0.7682596599856835
0.840559
0.8520849999999999
0.5963029726027398
0.8336663469785577
0.9115913270170243
0.4764470709969789
0.011244399999999998
0.5576212462908012
0.02614945
0.030259200000000003
0.04344439999999999
0.0534113
0.6796836986301371
0.7714394559386973
0.7975053458272329
0.8294742265802267
0.8309181019666049
0.8630610000000001
0.8082220292207791
0.8422370000000001
0.8570409999999998
0.8367449999999999
0.8805009999999999
0.824282695927602
0.2602241610784313
0.01674561470588235
0.778960355582524
0.9304755537459284
0.7982698412698412
0.3577702625250501
0.4949681623246494
0.7488041695196024
0.7836821027075812
0.585765494680851
0.9824387353159851
0.7697829569721114
0.5754062097476067
0.6252630416326531
0.7712019999999998
0.758426
0.7736989999999999
0.4650966328767123
0.9586041620129871
0.9659126163636363
0.5979873307984792
0.005
nan
0.8925483210455761
0.021684929318181816
0.019226600000000003
0.04199091955223882
0.6931931701839302
0.7422718567454799
0.7967681417276723
0.655717934508816
0.7937945166561912
0.5502886342342344
0.6116656716707024
0.536088068574514
0.5822925036764707
0.6796806360759492
0.17430596855172412
0.20662798309420288
0.04645712352941178
0.007255438181818182
0.41150409148936185
0.8555296109234237
0.9083400138004246
0.8515469872611462
0.6302871183431954
0.74702522922252
0.8187361888959797
0.6971947594654788
0.5392167070175439
0.8570077018633541
0.805066735632184
0.6383882233856895
0.8918689999999998
0.8973189999999996
0.6666429999999999
0.6104609999999999
0.5112769515477793
0.8636024098214287
0.5457039473684211
nan
nan
0.693316939355311
0.9174434236540161
0.018646603125
0.050781
0.7302241877566956
0.679580720891825
0.6569751577946769
0.6759114140401148
0.8839711034727145
0.7503606271186442
0.8399584823383083
0.5667369999999999
0.46263783128491615
0.8721150637668919
0.6877884793462897
0.7023593621323528
0.6246330000000001
0.25034968
0.7322518883435584
0.6809182301003344
0.797401746967071
0.9321048193807339
0.8065189870129871
0.9356598480620155
0.5685095594059406
0.9834079140866874
0.8217009162248146
0.8871848706240485
0.8173254621461485
0.8684088174651303
0.8383428165680472
0.6186530000000001
0.441872
0.5299579999999999
0.42702682397003733
0.45316735447470824
0.03364879999999999
nan
nan
nan
0.8506388024574673
0.9714658703855616
0.019211612666666655
0.6584128493283515
0.7821263597390494
0.03336245342465753
0.7644385530546624
0.9170268326180255
0.6733867053481333
0.7382487103174601
0.8464683140272596
0.8758324901906159
0.822381331280389
0.8454826600795756
0.5867773137269372
0.544327
0.5472062610389612
0.7293191300309598
0.8507981592356686
0.8786887691001697
0.7100643851706038
0.7546965371642723
0.8076609410112359
0.9823383429844099
0.9037933751824818
0.9547478085642318
0.47441093200663353
0.568336740340031
0.7510771486226776
0.8892741729934924
0.8762248455236981
0.5324145137614679
0.16910899999999998
0.0340024
0.0196218
0.00521508
0.0166337
nan
nan
0.6070555948096886
0.9632698081023452
0.6611488346555324
0.0109953
0.6295087672955973
0.9835647204905061
0.956102981669342
0.8322248954423591
0.8732519273927394
0.16954586632124355
0.022190100000000004
0.30564800000000003
0.725968
0.6410869999999999
0.8782389999999998
0.5606713885915494
0.8227721649514236
0.6118839651236524
0.7089996902592853
0.5633277811158799
0.7846440897517505
0.8280669581310678
0.7692548831168832
0.5699467913043479
0.9154661662669863
0.9195883020554068
0.5350051006711408
nan
0.4859786858908342
0.4759509422310756
0.5813730789679437
0.5009852734374999
0.4506610830449827
0.024619
0.0113425
nan
nan
nan
nan
0.6229169955193549
0.8815414981710917
0.9016813561752989
0.27095441995359626
0.2882233385561497
0.9032647490494294
0.9757035984124246
0.6525147521697205
0.6841366735537191
0.3178106644182125
0.07094682807017544
0.02368820465116279
0.007485320000000002
0.0343143
0.6737144320189273
0.8645400945454544
0.5191775318322785
0.7441303134000001
0.7214291065217391
0.15164338853503184
0.018240080000000006
0.540295206060606
0.8839728774482372
0.6361509183098591
0.5000275719557196
0.5393685867403315
0.5596437919762258
0.549018501510574
0.47862078875969
0.5904477446351932
0.47686001358234303
0.6518379999999999
0.5638560000000001
0.0316524
0.0163317
nan
nan
nan
0.001
nan
0.4689730048962711
0.8798370745697899
0.5515325829172143
0.7135253498641304
0.04202730614285714
0.7750114610266158
0.4955053653846153
0.08328961981981983
0.18664127826086965
0.015925577931034482
0.014848499999999997
0.00650397
0.0471317
0.5189612364963503
0.8751100713066203
0.8458070000000002
0.6815398707951806
0.5809470200799999
0.8763579999999999
0.10453618320610687
0.6327358614318705
0.9414786704254228
0.8303922774784482
0.5565860319548873
0.5960820098765433
0.7581379575923394
0.6951300672514621
0.5703517503628448
0.5702560683829444
0.8957094135021099
0.9815816623821765
0.8550418225388601
0.63307
0.20698100000000005
0.4981280000000001
nan
0.000433333
nan
nan
0.5736174295060372
0.9774323512176558
0.9276002424455375
0.5659113764705882
0.8296312773150415
0.4383643029833333
0.21058399999999994
0.00932845
0.012820710526315789
0.05490289420289854
0.00221111
0.03320199999999999
0.6315604119440205
0.7709420127745664
0.7791894397183101
0.807281917027972
0.620281
0.7216769999999999
0.6181929999999999
0.2189403864541832
0.8536856218402428
0.8354789403973507
0.9147091912225706
0.855172441614907
0.7897545410052913
0.9051598591549295
0.8393910159726182
0.5845470447193148
0.4933505859969559
0.7801880808457708
0.9121071279761904
0.8338847557702631
0.8409174359974008
0.8234580000000002
0.5225669642857143
0.4849158839999999
nan
nan
nan
nan
0.48383395633802817
0.9464560651051893
0.8480815343573164
0.9670607226404496
0.5200218309859157
0.42948571003773583
0.0381627
0.0110729
0.0143653
nan
0.00753294
0.27795423966666655
0.6843390949602122
0.685866
0.5769358798657717
0.8587934903870165
0.7696478246594006
0.7828610021604937
0.623392
0.015080037499999999
0.3474613295238094
0.8340288396793588
0.8680372998379254
0.8504084245524295
0.7089267019579405
0.8629462020075283
0.5450065084897229
0.6546480153640616
0.946156731092437
0.939781221945137
0.7438200897755611
0.8498988934911242
0.7254206770981506
0.537560782464847
0.8127179500362055
0.6445423779620855
nan
nan
nan
0.575923674528302
0.9619585473718495
0.975429252782194
0.858579765612953
0.9624700193134768
0.0182925
0.49301494627727865
0.7109582247324612
0.8007636148972529
0.015997099999999997
0.00576123
0.017462286206896556
0.2927255008130081
0.5911039999999999
0.2290549999999999
0.6291833590277777
0.8134985713084113
0.8191769999999999
0.6349099999999999
0.00683016
0.00280833
0.3241564956403269
0.8238455574712642
0.6954424032258064
0.5324015703564727
0.7527355251509054
0.8013017633353772
0.8450768745808183
0.8737148110846246
0.9804371821305841
0.8455530799656064
0.0180441
0.6704288011049723
0.8307636269982238
0.7729450578624916
0.9503079055662188
0.8513256262626259
0.49620886743044185
nan
0.001
nan
0.6127789023114095
0.883411468118196
0.8071525343581865
0.5268947617486337
0.610415
0.7082452680592733
0.7870734904403129
0.8075711139063594
0.03870067631578946
0.03889007692307691
0.8203237813455658
0.029489077777777782
0.228887
0.20222580330275242
0.589561813079019
0.867110795917431
0.41523800000000005
0.19891841073825503
0.005684703636363636
0.0015
0.34371822285714293
0.6771884444528303
0.69028320797669
0.7048329278996865
0.5274785216867469
0.49017837323177366
0.7896818917525774
0.8743887127516778
0.815631111470113
0.0321004
0.0167427
0.8467157722007723
0.7757189057123193
0.4581489686346863
0.8663998772177418
0.9171006562235392
0.5011118018292685
nan
0.0358194
0.558790409556314
0.9085075518548642
0.9421053022794849
0.8678904937361831
0.0423298
0.45448900000000003
0.4988039280125197
0.4896718117318436
0.6747237697171146
0.4301995478260869
0.08432538465306123
0.06164269186046511
nan
0.029223164705882352
0.17682773356643355
0.35167637019867554
0.633577
0.1505433622641509
0.6519908181818181
0.36054230060120235
0.00245833
0.0188238
0.21878000000000003
0.5857359999999999
0.8931730000000001
0.6434259999999998
0.5305220861725068
0.12139440603015075
0.7495991515025907
0.00179981
nan
nan
0.035387400000000006
0.41563881107142864
0.61478474598678
0.7595992866933182
0.506581636942675
nan
nan
nan
0.578546014584375
0.915941042962667
0.9642679909909913
0.5482359637795275
nan
0.0463837
0.050319990291262155
0.27528713554987216
0.6561815991037182
0.823824616
0.7997834069165564
0.00576123
nan
0.03484050000000001
0.04465494302325582
0.054532099999999986
0.015271970526315789
0.046784300000000015
0.9216870053956833
0.4048304883561643
0.37317600000000006
0.6128687391111112
0.5422709962756052
0.794075297510981
0.6841910000000002
0.7936756267966617
0.573638
0.273926
0.5099
0.7597880344966442
0.0117773
0.00121397
0.042152108108108106
0.728932702922078
0.9116877708470125
0.642696343283582
0.10032499999999998
nan
0.00333452
nan
0.541935458067227
0.6038380320616913
0.5277599728813558
nan
nan
nan
0.03600889154929576
0.07628183050847455
0.7988295458563537
0.7939861143394575
0.00245234
0.00479444
0.00242222
0.0346183
nan
0.00214722
0.08127500336134455
0.9240292656818182
0.709727900243309
0.2786829825783972
0.5855129999999997
0.691218090885965
0.7829127151626766
0.4557255937500001
0.456314561452514
0.012746
0.5969244487447697
0.6696884460093896
0.4366379274447949
0.3354904558139535
0.4928470564516129
0.8077813805309734
0.8771484971924453
0.7747194762820514
0.729374
0.451295
0.09509069999999999
nan
nan
nan
0.00141508
0.5280295902439025
nan
0.033017899999999996
nan
nan
0.20704471240875913
0.6434163772241993
0.7326241571280994
0.019615200000000003
nan
0.00335833
0.006200214000000001
0.0037650799999999996
0.000984503
0.0163393
0.8240382995004997
0.8925808755074426
0.9092457096265126
0.7352553416545718
0.43864199999999987
0.45401734988417
0.9403071351835275
0.9521031888667993
0.8640441486880469
0.8791894465454547
0.8175779341150193
0.8757926501128667
0.6152131677301732
0.7130004346349746
0.8568631886792453
0.5693613891941391
0.5503690000000001
0.40903999999999996
0.327087
0.04945000000000002
nan
nan
nan
nan
nan
nan
0.002
0.016365900000000003
0.4839570308571427
0.302824
0.6585567808807733
0.7626637331571997
0.21978279697115385
0.0340912
nan
0.00335833
0.000579365
nan
0.01749241379310345
0.971341476923077
0.8604805873529413
0.8618695499541705
0.8324021291155582
0.7741800254867257
0.8163979999999997
0.41586000000000006
0.7633119776574137
0.7531203822222222
0.9651951886345697
0.6912090355329951
0.8986110528592022
0.9045190548354933
0.8405013163825058
0.9375985963455147
0.5399086470588236
0.26732799999999995
0.014633299999999997
0.00535714
0.00527183
nan
nan
nan
nan
nan
nan
nan
0.00167143
nan
0.5342156386915886
nan
0.8332105357995228
0.776509978588808
0.5849869999999999
0.300522
0.21044141716535433
0.00335833
4.44444e-05
0.0008056935000000001
0.026547503902702704
0.9458329536178107
0.9612767218831735
0.7505511771557788
0.8522730776794492
0.40162625510204086
0.7564386671735984
0.7521439411463048
0.6717856251129177
0.8875454030110018
0.8892709230769229
0.8499779133765468
0.8181169146593255
0.8141657673267327
0.8810349962521294
0.5146041897854955
0.04411389999999999
0.004125
nan
0.00310397
0.00179167
nan
0.00702778
0.001
0.000946429
nan
nan
0.00217143
0.000946429
0.00217143
0.5566030188679246
nan
0.4145967701492537
0.5343398567374006
0.2637670000000001
0.10333782499999998
0.21200181139130445
0.001228835
0.00110294
0.041603376217543855
0.8459344407092437
0.9554107513516483
0.9512769215017068
0.8759279149659862
0.9340897318298553
0.6376990399999998
0.7600264457528408
0.7513868742537313
0.34157799441340786
0.34343155022488747
0.7002422557077626
0.8101567634854769
0.8767164865483685
0.718037084622384
nan
nan
nan
nan
0.0075619
0.2781790000000001
0.2763900000000001
0.006625000000000001
0.047415099999999995
0.000946429
nan
0.000946429
nan
nan
nan
0.4915163486072423
0.5674464635906861
0.56361448429
0.013777000000000001
0.0279623
0.00133442375
0.00259365
0.00259365
nan
0.014734895723076923
0.8566839888160298
0.9082112727800875
0.9440226030615163
0.6695040967325302
0.6398454076738608
0.8582851149199417
0.7410921034070532
0.775282940976492
0.5008867401834863
0.037561500000000005
0.2343321760122699
0.7213283386792452
0.6161137020242915
0.8178043220077218
0.027563499999999998
nan
nan
0.007222620000000001
0.23344800000000007
0.4279510000000001
0.7482039999999999
0.5309689999999999
0.015036900000000002
nan
nan
0.000946429
nan
0.0253944
0.015909899999999998
0.0264671
nan
0.00177619
0.6645876463999999
0.00732262
0.002
nan
0.0028984125
0.00259365
0.008290186666666664
0.2808730835357665
0.711172174958209
0.9382081913943829
0.9588134700048827
0.6051533863965267
0.5511061475177305
0.8873330462096775
0.8208141832797429
0.30420209409190374
0.05394959999999999
0.015677134117647058
0.06725518020833332
0.5694960521381579
0.7580624411764706
0.40218023762376226
0.00407692
nan
0.29080799999999996
0.7565039999999998
0.6912909999999999
0.6903680000000001
0.743265
0.251684
0.0345194
nan
nan
nan
0.000820159
0.2625470000000001
0.28498100000000004
0.0200488
nan
0.000271429
0.00493539
nan
nan
nan
0.00167937
nan
0.0180904
0.0134385
0.8444984609247848
0.8794757752252664
0.946688258470922
0.6022049985643412
0.5629562054054056
0.916739218585005
0.7793589215752831
0.017449386666666664
0.015510458947368423
nan
0.0015254
0.02410424761904762
0.9797668942570646
nan
0.001
0.326356
0.516191
0.43889900000000004
0.680683
0.7316970000000002
0.480436
0.00236905
0.00254643
nan
nan
0.00109643
0.04153969999999999
0.49170499999999995
0.5087390000000002
0.27389099999999994
0.032793199999999995
0.00389683
0.5489830192254496
0.00656695
nan
nan
nan
0.0015254
0.038631099999999995
0.5134084475524476
0.8723671136783733
0.878053224978614
0.9723549270498403
0.7884546993762651
0.7895533526663998
0.9590408853195019
0.8780777692383465
0.32328909190476196
0.013214100000000003
0.00145952
0.0474595
0.7257356675806449
0.5943602059496568
0.18130000000000002
0.39018100000000006
0.655365
0.6375019999999999
0.7310990000000003
0.6259740000000001
0.5597760000000002
0.035679800000000005
nan
nan
0.00314643
0.00214643
nan
0.023178200000000006
0.587998
0.447694
0.535621
0.27452800000000005
0.20042000000000004
0.5878503413249211
nan
nan
0.0042
nan
0.009257353846153848
0.39754100000000003
0.9363792859884837
0.8499213439330545
0.6055849703808182
0.7505725087108013
0.6690289485834208
0.8522989825666366
0.9179471308762581
0.7436395730858468
0.022013399999999992
0.010037655
0.007990402400000002
0.04417841809523809
0.6723718630136987
0.8443080396239087
0.4694214057672504
0.5075573752455795
0.43894099999999986
0.4887020000000001
0.48430399999999996
0.5207319999999999
0.16266299999999997
0.000284444
nan
0.00314643
0.000946429
nan
nan
0.19837699999999997
0.5892780000000001
0.5937289999999998
0.540373439628483
0.6969529999999998
0.6265815329236173
0.8242797765765765
0.00456695
nan
nan
nan
0.007098640000000001
0.4232987254509018
0.9496948113905327
0.87045685483871
0.6338126440886699
0.5744524882758619
0.6418857028985506
0.8565110110091745
0.9219040666666668
0.4470565218197588
0.0106532
0.015280941999999997
0.010268817500000001
0.04338537727272728
0.4255504779141104
0.3474428417989418
0.7976688142262894
0.9038607661069276
0.26883700000000005
0.2892039999999999
0.15993699999999994
0.00322262
0.000271429
nan
0.00314643
0.00314643
nan
0.5660071404819279
0.4323042098765431
0.5638717141774071
0.5750110000000002
0.583113
0.612937676565008
0.8302714709879772
0.9083468250591016
0.8130044005847953
0.007257970000000001
nan
nan
nan
0.00345833
0.6013622611464967
0.9571100019885247
0.9146272804232803
nan
0.001
0.630507784883721
0.9415768069835113
0.8150399975438599
0.3747189783661973
0.009596030000000002
0.00348274
0.4121333065040651
0.9480593243744208
0.8473695296198053
0.8737705008488963
0.9075159105172411
0.5905328000000002
0.025036800000000005
0.00125
0.028398799999999988
nan
0.000946429
0.0012
0.0212778
0.00314643
nan
0.04426789999999999
0.564485088910318
0.5281641895973156
0.5543817003797468
0.5199868551042809
0.8105333240223466
0.7390559584352077
0.7953120062539089
0.8042857983870968
nan
nan
nan
nan
0.0064236399999999996
0.7261596587234042
0.9238981907738095
0.7255542753822787
0.6115911352835599
0.6428387516678853
0.8839264397623846
0.9789921837099911
0.8564935165610861
0.43863531170212755
0.4235717257026476
0.7642503655601731
0.8520585875420875
0.6561575562959998
nan
0.5738948672200558
0.8947438808593754
0.5847729078260869
nan
nan
0.0012
0.0153313
0.0193313
0.0182778
0.016277800000000002
0.0162778
0.00342507
nan
nan
0.5887703181818181
0.6003203105022833
0.5701043591160221
0.8359392979846451
0.6986662605633802
0.5423299999999999
0.5709805695142379
0.015583699999999999
nan
nan
0.000244444
0.00290028
0.43776935818908114
0.762455456551724
0.7182138220338983
0.6256514323714287
0.8228652611887778
0.9377773971857144
0.9751830283464165
0.9676795495144315
0.9485759896013864
0.5699807757823131
0.5788192037037038
0.9614587871111111
0.6091956696035244
0.0153758
nan
0.015375800000000002
0.5561631220394736
0.5839521869930068
0.0193313
0.0290813
nan
0.00114643
0.00114643
0.00527706
0.00727983
0.00527706
0.00527706
0.0126921
nan
nan
0.0403528
0.5608236935302013
0.5653794363175676
0.5154558946047677
0.5939811323251417
0.0650206
0.0141976
nan
nan
0.0077794
0.5023637226277371
0.871062277897458
0.8914841359580055
0.8746606138237161
0.9495299040723981
0.9577834554329672
0.8124816327193932
0.8914016355552004
0.548589377784522
0.0193758
0.015375800000000002
0.015375799999999998
0.0153758
0.0153758
0.0153758
0.0153758
0.0153313
0.0153313
0.0193313
0.0012
nan
0.000946429
0.00827983
nan
0.05329009999999999
0.00587706
0.00527706
0.0613673
0.0740968
0.0626631
0.5037095961227785
0.5470435691576089
0.5545486555142505
0.8209808535171101
0.8878609198917454
0.00599532
0.007936109999999998
nan
nan
0.005109299999999999
0.20623900000000006
0.8047187732022127
0.87916246162928
0.8153452405745065
0.8579890716612376
0.5505737643504531
0.43775582535335694
0.9700385303263235
nan
0.0153758
0.0153758
0.0153758
0.015375799999999998
0.016375800000000006
0.029125799999999997
nan
nan
0.000946429
0.00154643
0.00865483
0.011994100000000002
0.06447739999999999
0.005611110000000001
0.30180299999999993
0.00356905
0.00327821
0.00327821
0.0472373
0.7936359069373943
0.8519962180645161
0.7953576577743904
0.8792708059490087
0.9171252353543307
0.7338574066820277
0.3073796740458015
0.00259419
0.0011869
nan
nan
nan
0.7040363341836735
0.848915032101167
0.8278602124768374
0.8586330862908839
0.4943405457909343
0.5404646334231806
0.8792669999999999
0.000569444
0.014056299999999999
nan
0.0145702
0.014570200000000002
0.0145702
0.0002
nan
0.0117632
nan
nan
nan
0.002
0.001
0.09587539999999999
0.3884990000000001
0.286587
0.039122000000000004
nan
0.5849665366005669
0.5894242621590908
0.8332699329073483
0.7431693519944017
0.6350430271691498
0.44293431896869256
0.4601766228346456
0.575353910153846
0.5435423335600906
0.0067715200000000005
0.00559595
nan
nan
nan
0.6155101845588234
0.7836488203627854
0.7822164409090909
0.7206803182941901
0.4692973960784314
0.5937586507000735
0.8433879699680513
0.21901400000000001
0.029811099999999997
0.0169941
0.0193758
0.00167143
nan
nan
nan
0.00576071
0.138214
0.151949
0.0827087
0.006565480000000001
0.2120440000000001
0.5187290000000001
0.5689609999999999
0.16012800000000005
0.04651810000000001
0.5292266887006577
0.5896360704070557
0.6146524779746834
0.5364776179664362
0.634712241509434
0.8330340857843137
0.6097884974874371
0.5610989248826291
0.6367695601898734
0.6491448847223588
0.014707099999999999
0.00418779
nan
nan
nan
0.7368320704602509
0.6940597423423422
0.39775745065789475
0.2710346247311827
0.533460526172466
0.7792959623944742
0.7645501905444125
0.5219823576138147
0.0032
0.0119941
0.000946429
0.000946429
0.0294084
0.00581317
0.0194222
0.5841466833112583
0.00775595
0.32122999999999996
0.549791
0.4089869999999999
0.610112
0.552644
0.586532
0.1260429999999999
0.04137609999999999
0.00949812
0.0144204
0.00573224
0.045169400000000005
0.4959780513833991
0.6209755257548845
0.8334879420476498
0.631645927826087
0.5124886810861424
0.5399682240952381
0.46725011824324325
0.004561990000000001
0.00559419
0.00065117
nan
nan
0.6944595908865978
0.3137685714285715
0.42258183938814536
0.7921863480176212
0.5732788403361344
0.6492654723127034
0.619192693042292
0.5230146474874372
0.5580981658505154
0.0012
nan
nan
0.0975053
0.03763870000000001
0.00718452
0.6224715917631919
0.5226306688470067
0.4871850409145608
0.273034
0.5616099999999999
0.5500509999999998
0.5839439999999999
0.4226359999999999
0.140656
0.027477
0.00152629
0.000735714
0.0397016
0.4737331884984026
0.8147047419354836
0.8013357586408906
0.6410835918367349
0.5582248144741532
0.5834652109489051
0.8618350219530657
0.042871599999999996
0.003588889999999999
0.00217628
nan
0.8001640000000001
0.7997660000000001
0.40198426570048307
0.8431182261397058
0.9456077308176101
0.9673302215474061
0.9348456090471946
0.894140790060423
0.8763710864299062
0.7285057204188482
0.016331299999999997
nan
0.5975613377855887
0.5432674373401534
0.11158799999999999
0.171823
0.258198
0.5677154329461456
0.16012500000000002
0.49103299999999994
0.6333559999999998
0.729024
0.442722
0.44571900000000014
0.07561700000000002
0.00409643
0.5326041887417218
0.8441796185843922
0.5879491187782805
0.8049171733766235
0.796865775989269
0.6028652186579379
0.6194245357859532
0.6161433246006391
0.6583444420289857
0.7483929847533634
0.44162312323943664
0.015264422727272724
0.00528986
0.0014235
0.6813269999999999
0.5743482015702479
0.28634508041379314
0.4548912271914132
0.007661134000000001
0.003745975
0.013129746363636367
0.06522516877192981
0.015607839130434781
0.8796986028335302
0.0153313
0.6036751104195803
0.7872393730210017
0.5559515396825396
0.27816899999999994
0.26895100000000005
0.4823640000000002
0.649780710723192
0.6428159999999999
0.548191
0.5336790000000002
0.4959879999999999
0.7057889999999999
0.6385570000000003
0.098852
0.0319996
0.0034504
0.796439013683373
0.6678964482173175
0.5732143617021277
0.6797259505285411
0.4972350534482758
0.5845164297592998
0.7091773651877132
0.8380726889134031
0.9212441897880537
0.9019195560165976
0.10314199999999998
0.0418135
0.016859799999999998
0.6555755320088301
0.510923
0.2832169508963414
0.22523489880794703
0.01012189777777778
0.020602513513513516
0.49681453049999996
0.8264701753731344
0.7292156984828244
0.8533851642147116
0.6292468640394089
0.8457595867039889
0.7312498284815104
0.5352062916666666
0.137665
0.0371777
0.0352547
0.7735883521126758
0.4924309420289855
0.49295000000000017
0.6097549999999999
0.6252240000000001
0.5512439999999998
0.6621349999999999
0.07257370000000003
0.5755360196759259
0.8380615044718659
0.8192359131180622
0.6658072740631887
0.47315333251231545
0.5243119169811321
0.5724024855445544
0.5611155372866128
0.8671593016194332
0.6791077479131886
0.9664318098307816
0.8892842148087876
0.519910996677741
0.5077302661654135
0.03740199999999999
0.008373729999999998
0.6476881338432126
0.508325
0.12847111747126433
0.2092883690909091
0.7806797413647851
0.7749855605199024
0.5946101538793103
0.6075895305238648
0.8955533125147058
0.9006690373376622
0.9604901186842103
0.5323690825688074
0.08742930000000003
0.03604720000000001
nan
0.4972273810608202
0.8159738900866219
0.49719061342281884
0.13889100000000004
0.5320885517241379
0.608564
0.6228350000000002
0.638869
0.4915312592592593
0.514504245465538
0.8559167026785715
0.8445823897959185
0.5734430396039603
0.5529391475409835
0.5770747952693207
0.42787344419391204
0.8396114689339438
0.6283954018227009
0.5418678078034681
0.8059449663299665
0.8914524213564213
0.8700472861507128
0.9319807513471902
0.5868757234957019
0.012023
0.5597205259917184
0.562887
0.28663811153191493
0.5244266476263737
0.5001162409876544
0.6504968135458167
0.7234160445775114
0.04251
0.6370561317264574
0.9374819043079743
0.557705829482289
0.00436955
0.00468859
0.0144204
nan
0.475580138418079
0.9418561162217112
0.5536367987200002
0.039444400000000004
0.5499501423868313
0.5587289999999999
0.5481439999999996
0.8559960006531679
0.7776794555778224
0.8285798053691275
0.9062002082889733
0.18846179234234234
0.3292056007712083
0.5579500805459057
0.5875299045871561
0.8084464826364277
0.7494116374355193
0.4958041967213116
0.6181802513812156
0.6760056244239631
0.9616088509960159
0.9440181241768579
0.8812307940140847
0.714920243956044
0.005429959999999999
0.007965570000000002
0.6272867292929293
0.45981832617328516
0.5588197185714286
0.5594552785000001
0.3210544189189189
0.8496964218612818
0.7790952596166857
0.0107707
0.0107707
0.0216767
0.0216767
0.5513498124137931
0.6024900607594936
0.00265129
0.494673657994186
0.8851381289167412
0.4887619800531916
0.5580774559535336
0.7623087833446172
0.5407289999999999
0.531213
0.586277586582049
0.8430597161543492
0.39932444712990933
0.07649732788461538
0.04445594032258064
0.08991212499999997
0.3535594293193717
0.7618240715502554
0.5786254064171122
0.5253174271047228
0.4191729999999999
0.6079330000000001
0.8517932196589767
0.647707700987306
0.7995112783810464
0.913448088235294
0.03810200000000001
0.00346262
0.5348529049752474
0.6864510099923136
0.8671791023255815
0.5586466389280678
0.23487781666666666
0.027978970612244893
0.010723658000000004
0.8805180898609976
0.5933941259315589
0.5979728352365417
0.00359325
0.5694851595854922
0.5313110641509432
0.6026949956057007
0.53248309602122
0.5807438699789033
0.9238359630252101
0.6722005383036935
0.5828006170555109
0.5760001570247933
0.5789619999999998
0.5136322682926829
0.775256166666667
0.7861096928948914
0.369674231829574
0.07918656666666665
0.05642163894736845
0.4954426069892474
0.7569994125560539
0.48620800618046983
0.8569324564183834
0.719072916981132
0.5613793870967742
0.7595749999999999
0.9811576874506706
0.8273717768595041
0.8558523953695458
0.0170911
0.0843708653846154
0.00346262
0.05462580000000001
0.769712453220859
0.7067019167270094
0.8617168001122966
0.40959896821515895
0.09552937118644066
0.026779260000000013
0.44454596372521743
0.7981503402780747
0.7723377415384616
0.7556301031860224
0.9607202926215277
0.7893841157670567
nan
0.5282163949265686
0.6021342422527299
0.9326538624113474
0.8897995129224652
0.5823715162162163
0.6348780000000003
0.5931882240543161
0.7359033165024631
0.851288791089705
0.47501007537155
0.6217447212581345
0.13800806249999997
0.39653061037037046
0.8195945778108712
0.6554774056809904
0.7679971146272855
0.789048291576674
0.863840924807198
0.4958986166666665
0.5416879999999998
0.8426977108559498
0.9027023412969283
0.0175032
0.43956873602484464
0.5011818526490065
0.00210054
0.07403790000000002
0.805413974148802
0.6302235347334411
0.743342090676884
0.7773119637681162
0.0476728
0.00649073
0.011196993529411765
0.4626841447916667
0.7008463422222222
0.805324143220339
0.8528715944082013
0.7806807294761534
0.5703736227578475
0.6363285915494792
0.600595818292683
0.9703836730052989
0.771380269212691
0.5287000516129032
0.5194041715362865
0.5842356478978978
0.8215620653303636
0.6751646756756758
0.46559928931451594
0.18450657127071818
0.35363423456790116
0.8297754594594594
0.8683575739074549
0.5549931254932913
0.5264847495479203
0.5260931036834924
0.5822214148278906
0.5061294772093023
0.7307059999999999
0.8635643714517439
0.2873155471698112
0.8379744233576641
0.933159060987415
0.010021770000000001
0.010826299999999999
0.4303842691622104
0.7904293401720713
0.5097829999999999
0.5468390556552962
0.7437479836901123
0.8866481538330493
0.06369133800000001
0.010290377647058825
0.04487589130434782
0.10981048913043479
0.20028406593406592
0.13645976744186045
0.7434141251078515
0.8264777537102475
0.6145414527029971
0.9298989907048799
0.9093734203266787
0.6063998126760565
0.224903
0.5054621437565582
0.7494353364485979
0.801835427218935
0.5250864125874126
0.5969347762237762
0.5050843016605167
0.8232730184354757
0.7906611802962008
0.7185589055918663
0.802425297846154
0.5149570982391104
0.541906
0.7185190000000001
0.47697600000000007
0.453769
0.48099588957055195
0.9083125443037977
0.8783458665430953
0.8289803917727717
0.037341757692307694
0.027428
0.40161176394849774
0.8740583676975945
0.6409200016863407
0.25884699999999994
0.13634400000000005
0.6141711722222221
0.8839215754830916
0.783473422769953
0.7684570178093644
0.7123197123991195
0.8413362633957391
0.7165155129342201
0.32231886545454547
0.675526440609137
0.8706784350282488
0.9036285323774282
0.8466354678947371
0.50516934876211
0.5128214620174345
0.7594167091690545
0.8208449184441656
0.4633187272727273
0.6613759725080386
0.4095680000000001
0.7811975974025975
0.731208199556541
0.5349840816696915
0.6692979999999998
0.7238100000000001
0.650351
0.5983799999999999
0.5337630000000002
0.6132910000000001
0.39243400000000006
0.8947305385202136
0.7166736128668174
0.9677019912663755
0.0212938
0.013284699999999998
0.08406285176470588
0.49809601465201464
0.5757863344077357
0.7365550303756995
0.6942041463580668
0.388967
0.25207300000000005
0.31248500000000007
0.07908929999999999
0.5429127780141844
0.6804330707964603
0.7966086617886179
0.8508553744884038
0.8453204206955048
0.897024652524358
0.9199435131937175
0.9428039912499999
0.9606665638316921
0.7190471225922591
0.7144015953079177
0.7916879174484054
0.4729980773143438
0.42220124313725493
0.46354965845070417
0.6266991312649165
0.855543600536193
0.7320261360946743
0.6007839705882352
0.6557230943257183
0.6618060000000001
0.7190190000000002
0.4935999999999999
0.594105
0.2467350000000001
0.17655899999999994
0.9728224763603927
0.6322032130102042
0.7439219078341013
0.0353748
0.5873265979073242
0.9611579275256223
0.7693271676300576
0.8609912825112104
0.8280759466666666
0.7184774047936084
0.641280653877551
0.6307189999999999
0.5146069999999998
0.25690699999999994
0.5158844485006518
0.5073523987408184
0.5818805884773662
0.5718612855093257
0.0188992
0.5901749193548389
0.5743257780691299
0.58061139466581
0.7982869420973157
0.8447762762103507
0.7741779507959479
0.228763568
0.4216548510574018
0.4798120630514706
0.7132775659163986
0.8188755120551089
0.7737607303303304
0.7635095752380952
0.5989619268929505
0.6031450519801981
0.6042488631840796
0.5641119999999998
0.381507
0.23702200000000004
0.12696100000000002
0.12278899999999995
0.6463404724770642
0.5721311092896174
0.5075491632373115
0.04446709999999999
0.8628356727976763
0.6825276658291458
0.5609976797583083
0.8039553368421055
0.8489653340132588
0.7735029032033426
0.5920884076335877
0.7309020000000002
0.568307
0.4905020000000001
0.29658400000000007
0.0606738
0.07535039999999997
0.167891
0.17811599999999994
0.2527219999999999
0.059662700000000006
0.5886272624705882
0.9460521021985343
0.6473135952015355
0.27276399098712445
0.09480099378881987
0.4094575966101695
0.8176057585791691
0.7678954286764705
0.7107778342085522
0.8890125035629457
0.8384422340733593
0.8768121627595445
0.5828714254787676
0.5244275673374614
0.28515
0.45451232605863195
0.15061199999999997
0.0869841
0.3295690000000001
nan
0.7958293541666668
0.4337441960072596
0.049290099999999996
0.8689997421100092
0.5574509399075499
nan
0.6075012835294116
0.6598350867888141
0.6002639850107065
0.6335383354148083
0.583327
0.5212820000000002
0.7077769999999999
0.20978900000000003
0.21505400000000002
0.3477839999999999
0.5368289999999999
0.53486
0.7235620000000001
0.49432888321167867
0.9601030307922273
0.8129193860440249
0.9535578220444103
0.9210600693493151
0.707879527308838
0.43481343037974685
0.8149345196394076
0.7691355075034106
0.6956879992576093
0.62565873223635
0.9013319637641969
0.7781728976744186
0.6917190531914894
0.5556025675675677
0.4830419387283236
0.11324500000000001
0.2536570000000001
0.23318800000000003
0.6366379999999999
nan
0.9322614698385725
0.5588512245989304
0.4434622161172161
0.9179159029202845
0.6627798800834201
nan
nan
nan
0.6765779999999999
0.533996
0.38224800000000003
0.8183830000000003
0.26047300000000007
0.10810000000000003
0.273717
0.5220070000000001
0.489054
0.45497299999999996
0.527873936329588
0.5876067232079488
0.8908391489361704
0.921602690457097
0.723754222783505
0.5731852169343067
0.9456179401041667
0.7790310216802167
0.827337
0.7211304062688368
0.6281480000000002
0.4652950000000001
0.6020364200803213
0.5850174295010845
0.4422015463786531
0.22341600000000003
0.4285912987951807
0.5486690000000001
0.367629
0.270486
0.22179700000000002
0.6561829230769233
0.8994103954060706
0.9426907764402406
0.9023308901734103
0.9084773252595155
0.6850408049353699
nan
nan
nan
0.582444
0.631176
0.7852599999999997
0.3679259999999998
0.3857340000000001
0.586767
0.3610899999999999
0.396528
0.44897000000000004
0.7342750000000001
0.6935279999999999
0.463041
0.7179908752528658
0.5757371690721651
0.00962097
0.49697980968529426
0.5927554313084112
0.8544996041958041
0.7272888470254957
0.7915909895705522
0.5281660744186047
0.20793299999999998
0.518134686567164
0.4878448502994012
0.4660808510928962
0.12635299999999997
0.6562689999999999
0.5887749999999999
0.5095279999999999
0.5748160000000001
0.39123000000000013
0.7262342457542454
0.7930903053435114
0.6813203010033444
0.8710002395209582
0.8813127594713657
0.8374754863387976
0.5947726226203808
nan
nan
0.687049
0.527476
0.7643889999999999
0.595266
0.8056789999999996
0.622739
0.6275630000000001
0.7184950000000001
0.687162
0.5333319999999999
0.5583260000000001
0.6601230000000002
0.5453804525
0.5476598933333333
0.0721881
0.000826923
0.029734099999999996
0.6183055286144576
0.8408089423076921
0.6796195779816513
0.49183264947245
0.16090200000000004
0.425371766536965
0.4947254668218859
0.5673622356194691
0.5081553760080646
0.4285190000000001
0.6746870000000001
0.549061
0.6693990000000001
0.5836690000000002
0.6358747285129603
0.5637708593749999
nan
0.7924398168574401
0.9462167841897233
0.8910789801980199
0.6068631065468549
nan
nan
0.641712
0.6352713123404256
0.6585454541895067
0.43667500000000004
0.5180670000000002
0.708485
0.7152010000000001
0.749658
0.6981760855018587
0.5410399999999999
nan
0.6006714592346091
0.543367061482821
0.7893910000000001
0.116254
0.0112865
0.5830655938315539
0.7225424651216686
0.5149386589673913
0.7269178345070422
0.5417205033238368
0.4814562834008097
0.5158438828365877
0.8357855890068707
0.6347665410764871
0.47758763616071437
0.28926299999999994
0.3758759999999999
0.491527
0.6952010000000001
0.716393
nan
nan
nan
0.6281760208092487
0.7871481613508441
0.8293897536534445
0.527769632508834
nan
nan
nan
0.60669493006993
0.7394882022756005
0.5953512388451444
0.5873119999999998
nan
nan
nan
nan
0.5491479999999997
0.6916102874806802
0.678681343283582
0.6640212793411118
0.291311
0.5341950883002208
0.04967079999999999
0.25717552631578944
0.0200073
0.5414045781121751
0.592789971671388
0.477502140708915
0.5208975564924114
0.7141919920577617
0.8341739012468826
0.7070747463330459
0.49252700000000005
0.677573
0.19997700000000004
0.19430550000000008
0.5907840000000001
0.507346
nan
0.5559482488549619
0.6190508772413793
0.8048081415004745
0.6906653369214211
nan
nan
nan
nan
nan
nan
0.6808974301369864
0.9412604117647059
0.5245464217462933
0.6518924036402569
0.5887668267929634
nan
nan
0.5029854545454546
0.7289842307692308
0.7384816798582398
0.5130320543161979
0.49030824018475766
0.5762078203546646
0.4916187133917397
0.08059309999999997
0.0403323
0.4725105886743886
0.26904599999999995
0.49852399999999997
0.4250216617647058
0.7700883606168447
0.8547289975579972
0.6569293276422765
0.6015062713891444
0.6885390000000002
0.5189120000000002
0.49135300000000004
0.4158279999999999
0.6626390000000002
nan
0.7636404404145076
0.8834544876260313
0.9511154861367836
0.834302682926829
0.550732206185567
nan
nan
nan
nan
nan
0.5862439413202934
0.9040046962962964
0.8868438606557378
0.7561383190118154
nan
nan
0.4989456305732486
0.6593995014836798
0.844860869407497
0.7908511709183674
0.4578478230616301
0.6416761158493248
0.7603070229956496
0.5524639999999998
0.22956599999999996
0.0766299
0.09113789999999997
0.21205300000000002
0.5020853653846153
0.8366253772116065
0.7040162729715206
0.7693265554889023
0.7566596293577983
0.47709035000000005
0.45636700000000013
0.567481557360406
0.73378
0.6273859999999999
0.37663599999999997
nan
0.8013271641666665
0.7558179391947414
0.7485632964196502
nan
nan
nan
0.6109236576200417
0.6745097403685092
0.5628827046263344
nan
nan
0.7800108992094863
0.7622145034550841
0.6556785815602836
nan
nan
0.6429468587412587
0.6942800281690141
0.9233119999999999
0.7800894634464752
0.8028892827191867
0.7638586937500002
0.5894517723749121
0.7463930000000001
0.7341730000000001
0.10277400000000002
0.07254960000000003
0.44487578018575846
0.8201167641791043
0.8208356141672944
0.7212608096192384
0.8330027243816256
0.6320061666666666
0.592423
0.34749
0.5592527887323943
0.6311131515923566
nan
0.6752929999999999
